2023120722
 17 1     110 41.70000  -6.3530 ACNSIGER
 20231207 220000  814.621 1 11111 0
 128 60. 0.02 2.1791 2147483647
 17 1     110 43.36400  -8.3990 ACORIGER
 20231207 220000   14.791 1 11111 0
 128 60. 0.02 2.4159 2147483647
 17 1     110 38.33800  -0.4820 ALACIGER
 20231207 220000   12.959 1 11111 0
 128 60. 0.02 2.4947 2147483647
 17 1     110 38.97700  -1.8570 ALBAIGER
 20231207 220000  702.114 1 11111 0
 128 60. 0.02 2.2906 2147483647
 17 1     110 35.93900  -3.0350 ALBOIGER
 20231207 220000   14.623 1 11111 0
 128 60. 0.02 2.4859 2147483647
 17 1     110 41.05700  -0.1460 ALC1IGER
 20231207 220000  347.319 1 11111 0
 128 60. 0.02 2.3865 2147483647
 17 1     110 36.83200  -2.4850 ALM1IGER
 20231207 220000    4.275 1 11111 0
 128 60. 0.02 2.4845 2147483647
 17 1     110 36.85200  -2.4600 ALMEIGER
 20231207 220000   80.168 1 11111 0
 128 60. 0.02 2.4588 2147483647
 17 1     110 38.70500  -4.1810 ALMOIGER
 20231207 220000  689.722 1 11111 0
 128 60. 0.02 2.2688 2147483647
 17 1     110 41.50300  -2.5390 ALMZIGER
 20231207 220000  966.026 1 11111 0
 128 60. 0.02 2.1690 2147483647
 17 1     110 39.93400   4.1400 ALORIGER
 20231207 220000  141.415 1 11111 0
 128 60. 0.02 2.4395 2147483647
 17 1     110 38.04000  -4.0300 AND2IGER
 20231207 220000  233.185 1 11111 0
 128 60. 0.02 2.4472 2147483647
 17 1     110 41.66500  -3.7430 ARDUIGER
 20231207 220000  790.722 1 11111 0
 128 60. 0.02 2.2222 2147483647
 17 1     110 50.22700   8.6090 BADHIGER
 20231207 220000  213.041 1 11111 0
 128 60. 0.02 2.3083 2147483647
 17 1     110 41.34100   2.1650 BCL1IGER
 20231207 220000    6.767 1 11111 0
 128 60. 0.02 2.4916 2147483647
 17 1     110 41.40500   2.0040 BCLNIGER
 20231207 220000   35.287 1 11111 0
 128 60. 0.02 2.4862 2147483647
 17 1     110 40.39500  -5.7490 BEJRIGER
 20231207 220000 1039.235 1 11111 0
 128 60. 0.02 2.1608 2147483647
 17 1     110 42.95800  -0.8010 BLGUIGER
 20231207 220000 1597.585 1 11111 0
 128 60. 0.02 2.0171 2147483647
 17 1     110 41.00000  -3.6370 BUITIGER
 20231207 220000  978.805 1 11111 0
 128 60. 0.02 2.1581 2147483647
 17 1     110 39.47800  -6.3420 CACEIGER
 20231207 220000  382.069 1 11111 0
 128 60. 0.02 2.3501 2147483647
 17 1     110 43.47100  -3.7990 CANTIGER
 20231207 220000   52.282 1 11111 0
 128 60. 0.02 2.4435 2147483647
 17 1     110 37.59600  -0.9740 CARGIGER
 20231207 220000    7.923 1 11111 0
 128 60. 0.02 2.5003 2147483647
 17 1     110 38.04500  -1.9680 CARVIGER
 20231207 220000  850.715 1 11111 0
 128 60. 0.02 2.2280 2147483647
 17 1     110 39.61300   3.3920 CBONIGER
 20231207 220000    8.551 1 11111 0
 128 60. 0.02 2.4913 2147483647
 17 1     110 35.89100  -5.3070 CEU1IGER
 20231207 220000   10.527 1 11111 0
 128 60. 0.02 2.5290 2147483647
 17 1     110 37.91500  -4.7220 COBAIGER
 20231207 220000  151.359 1 11111 0
 128 60. 0.02 2.4632 2147483647
 17 1     110 39.40700  -9.1360 CRNHIGER
 20231207 220000   69.310 1 11111 0
 128 60. 0.02 2.4133 2147483647
 17 1     110 40.07200  -2.1400 CUENIGER
 20231207 220000  945.323 1 11111 0
 128 60. 0.02 2.2128 2147483647
 17 1     110 40.91200  -8.4850 EDVDIGER
 20231207 220000  243.276 1 11111 0
 128 60. 0.02 2.3601 2147483647
 17 1     110 27.75400 -18.1020 EH02IGER
 20231207 220000   47.958 1 11111 0
 128 60. 0.02 2.4655 2147483647
 17 1     110 27.71200 -18.1480 EH05IGER
 20231207 220000  118.060 1 11111 0
 128 60. 0.02 2.4285 2147483647
 17 1     110 38.95100   1.4060 EIVIIGER
 20231207 220000   82.778 1 11111 0
 128 60. 0.02 2.4779 2147483647
 17 1     110 38.70500   1.4280 FORMIGER
 20231207 220000   50.233 1 11111 0
 128 60. 0.02 2.4893 2147483647
 17 1     110 41.50900   0.3240 FRAGIGER
 20231207 220000  132.300 1 11111 0
 128 60. 0.02 2.4587 2147483647
 17 1     110 43.15300  -4.8060 FUDEIGER
 20231207 220000 1848.661 1 11111 0
 128 60. 0.02 1.8972 2147483647
 17 1     110 28.49800 -13.8600 FUERIGER
 20231207 220000   33.216 1 11111 0
 128 60. 0.02 2.4363 2147483647
 17 1     110 42.04100   2.8550 GIROIGER
 20231207 220000   62.437 1 11111 0
 128 60. 0.02 2.4724 2147483647
 17 1     110 28.08700 -17.1090 GOM1IGER
 20231207 220000    3.123 1 11111 0
 128 60. 0.02 2.4777 2147483647
 17 1     110 28.09600 -17.1000 GOMEIGER
 20231207 220000   69.090 1 11111 0
 128 60. 0.02 2.4584 2147483647
 17 1     110 42.05900  -7.1250 GUDIIGER
 20231207 220000 1017.644 1 11111 0
 128 60. 0.02 2.1238 2147483647
 17 1     110 27.70900 -17.9790 HI08IGER
 20231207 220000  858.492 1 11111 0
 128 60. 0.02 2.2038 2147483647
 17 1     110 37.13200  -6.8340 HUE1IGER
 20231207 220000    5.546 1 11111 0
 128 60. 0.02 2.4948 2147483647
 17 1     110 38.91100   1.4480 IBIZIGER
 20231207 220000   10.545 1 11111 0
 128 60. 0.02 2.5082 2147483647
 17 1     110 40.44500  -3.7100 IGNEIGER
 20231207 220000  715.179 1 11111 0
 128 60. 0.02 2.2515 2147483647
 17 1     110 43.35400  -2.5540 ISPSIGER
 20231207 220000  216.522 1 11111 0
 128 60. 0.02 2.4035 2147483647
 17 1     110 28.30800 -16.5000 IZANIGER
 20231207 220000 2367.235 1 11111 0
 128 60. 0.02 1.8249 2147483647
 17 1     110 42.56700  -0.7270 JACAIGER
 20231207 220000  687.189 1 11111 0
 128 60. 0.02 2.2836 2147483647
 17 1     110 28.18400 -14.1510 LALAIGER
 20231207 220000   18.966 1 11111 0
 128 60. 0.02 2.4358 2147483647
 17 1     110 42.58800  -5.6510 LEONIGER
 20231207 220000  914.291 1 11111 0
 128 60. 0.02 2.1405 2147483647
 17 1     110 28.48600 -17.8490 LP01IGER
 20231207 220000  634.797 1 11111 0
 128 60. 0.02 2.2591 2147483647
 17 1     110 28.57900 -17.8710 LP03IGER
 20231207 220000  879.029 1 11111 0
 128 60. 0.02 2.1953 2147483647
 17 1     110 28.66200 -17.7810 LP05IGER
 20231207 220000  260.309 1 11111 0
 128 60. 0.02 2.4119 2147483647
 17 1     110 28.76300 -17.8940 LPALIGER
 20231207 220000 2158.890 1 11111 0
 128 60. 0.02 1.8677 2147483647
 17 1     110 27.64000 -17.9800 LRESIGER
 20231207 220000   13.993 1 11111 0
 128 60. 0.02 2.4827 2147483647
 17 1     110 42.99300  -7.5450 LUGOIGER
 20231207 220000  420.147 1 11111 0
 128 60. 0.02 2.3145 2147483647
 17 1     110 29.22300 -13.4530 LZ01IGER
 20231207 220000    8.345 1 11111 0
 128 60. 0.02 2.4496 2147483647
 17 1     110 28.97300 -13.5280 LZ02IGER
 20231207 220000   14.050 1 11111 0
 128 60. 0.02 2.4614 2147483647
 17 1     110 40.40700  -3.6870 MAD1IGER
 20231207 220000  672.790 1 11111 0
 128 60. 0.02 2.2671 2147483647
 17 1     110 39.56000   2.6370 MAL1IGER
 20231207 220000    4.103 1 11111 0
 128 60. 0.02 2.5086 2147483647
 17 1     110 36.72600  -4.3940 MALAIGER
 20231207 220000   74.983 1 11111 0
 128 60. 0.02 2.4919 2147483647
 17 1     110 39.55200   2.6240 MALLIGER
 20231207 220000   12.409 1 11111 0
 128 60. 0.02 2.5022 2147483647
 17 1     110 27.76300 -15.6340 MAS1IGER
 20231207 220000  155.373 1 11111 0
 128 60. 0.02 2.4036 2147483647
 17 1     110 27.76300 -15.6340 MASPIGER
 20231207 220000  157.031 1 11111 0
 128 60. 0.02 2.4022 2147483647
 17 1     110 35.28100  -2.9520 MELIIGER
 20231207 220000   39.586 1 11111 0
 128 60. 0.02 2.5168 2147483647
 17 1     110 40.00000   3.8310 MENCIGER
 20231207 220000   18.001 1 11111 0
 128 60. 0.02 2.4739 2147483647
 17 1     110 35.29000  -2.9290 MLLLIGER
 20231207 220000    4.916 1 11111 0
 128 60. 0.02 2.5200 2147483647
 17 1     110 37.12000  -5.4630 MOFRIGER
 20231207 220000  229.293 1 11111 0
 128 60. 0.02 2.4339 2147483647
 17 1     110 40.84100  -1.8800 MOLIIGER
 20231207 220000 1066.475 1 11111 0
 128 60. 0.02 2.1515 2147483647
 17 1     110 39.50300  -2.8710 MOTAIGER
 20231207 220000  727.275 1 11111 0
 128 60. 0.02 2.2814 2147483647
 17 1     110 40.60700  -6.8220 ONORIGER
 20231207 220000  793.368 1 11111 0
 128 60. 0.02 2.2204 2147483647
 17 1     110 40.28700  -3.2220 ORUSIGER
 20231207 220000  811.043 1 11111 0
 128 60. 0.02 2.2390 2147483647
 17 1     110 40.39500   0.3580 PENIIGER
 20231207 220000   58.015 1 11111 0
 128 60. 0.02 2.4907 2147483647
 17 1     110 40.78500  -3.9900 PNAVIGER
 20231207 220000 2182.120 1 11111 0
 128 60. 0.02 1.8437 2147483647
 17 1     110 42.46400  -2.4270 RIO1IGER
 20231207 220000  398.702 1 11111 0
 128 60. 0.02 2.3363 2147483647
 17 1     110 42.29800  -7.5910 RODIIGER
 20231207 220000  976.817 1 11111 0
 128 60. 0.02 2.1523 2147483647
 17 1     110 40.94500  -5.4960 SALAIGER
 20231207 220000  799.443 1 11111 0
 128 60. 0.02 2.2090 2147483647
 17 1     110 37.41000  -6.0030 SEV1IGER
 20231207 220000   19.361 1 11111 0
 128 60. 0.02 2.4885 2147483647
 17 1     110 39.64500   3.0150 SINEIGER
 20231207 220000  138.554 1 11111 0
 128 60. 0.02 2.4626 2147483647
 17 1     110 40.35800  -4.3770 SMDVIGER
 20231207 220000  617.741 1 11111 0
 128 60. 0.02 2.2738 2147483647
 17 1     110 42.88500  -8.5520 SNTGIGER
 20231207 220000  256.949 1 11111 0
 128 60. 0.02 2.3490 2147483647
 17 1     110 39.67500  -3.9640 SONSIGER
 20231207 220000  758.500 1 11111 0
 128 60. 0.02 2.2287 2147483647
 17 1     110 39.54500  -4.3520 SPABIGER
 20231207 220000  951.906 1 11111 0
 128 60. 0.02 2.1649 2147483647
 17 1     110 39.03500  -5.2360 TALRIGER
 20231207 220000  444.624 1 11111 0
 128 60. 0.02 2.3264 2147483647
 17 1     110 39.94700  -4.9430 TALVIGER
 20231207 220000  404.049 1 11111 0
 128 60. 0.02 2.3385 2147483647
 17 1     110 36.03400  -5.6070 TAR2IGER
 20231207 220000   58.383 1 11111 0
 128 60. 0.02 2.4959 2147483647
 17 1     110 41.65700   1.1660 TARRIGER
 20231207 220000  441.773 1 11111 0
 128 60. 0.02 2.3567 2147483647
 17 1     110 40.35000  -1.1250 TERUIGER
 20231207 220000  903.595 1 11111 0
 128 60. 0.02 2.2154 2147483647
 17 1     110 43.56000   1.4800 TLSEIGER
 20231207 220000  159.124 1 11111 0
 128 60. 0.02 2.4370 2147483647
 17 1     110 28.41800 -16.5510 TN02IGER
 20231207 220000    4.958 1 11111 0
 128 60. 0.02 2.4725 2147483647
 17 1     110 28.15800 -16.6370 TN04IGER
 20231207 220000 1418.200 1 11111 0
 128 60. 0.02 2.0489 2147483647
 17 1     110 28.26400 -16.5970 TN05IGER
 20231207 220000 2459.232 1 11111 0
 128 60. 0.02 1.8048 2147483647
 17 1     110 28.32700 -16.8050 TN06IGER
 20231207 220000 1003.557 1 11111 0
 128 60. 0.02 2.1451 2147483647
 17 1     110 28.22300 -16.6070 TN07IGER
 20231207 220000 2241.712 1 11111 0
 128 60. 0.02 1.8505 2147483647
 17 1     110 28.31200 -16.6600 TN09IGER
 20231207 220000 1531.583 1 11111 0
 128 60. 0.02 2.0136 2147483647
 17 1     110 28.24700 -16.7220 TN10IGER
 20231207 220000 1820.517 1 11111 0
 128 60. 0.02 1.9510 2147483647
 17 1     110 39.81800   2.8910 TRAUIGER
 20231207 220000  556.750 1 11111 0
 128 60. 0.02 2.3181 2147483647
 17 1     110 41.07800   1.2130 TRRGIGER
 20231207 220000    5.468 1 11111 0
 128 60. 0.02 2.5018 2147483647
 17 1     110 42.04800  -1.6040 TUD1IGER
 20231207 220000  290.275 1 11111 0
 128 60. 0.02 2.3895 2147483647
 17 1     110 28.06900 -15.4570 ULP2IGER
 20231207 220000  332.894 1 11111 0
 128 60. 0.02 2.3600 2147483647
 17 1     110 39.56300  -1.2160 UTI1IGER
 20231207 220000  746.731 1 11111 0
 128 60. 0.02 2.2653 2147483647
 17 1     110 39.48000  -0.3380 VALEIGER
 20231207 220000   29.913 1 11111 0
 128 60. 0.02 2.4892 2147483647
 17 1     110 42.51500  -4.0110 VDGOIGER
 20231207 220000  852.353 1 11111 0
 128 60. 0.02 2.1860 2147483647
 17 1     110 43.46600  -7.0490 VEG1IGER
 20231207 220000   23.375 1 11111 0
 128 60. 0.02 2.4245 2147483647
 17 1     110 38.11700  -3.0830 VICAIGER
 20231207 220000  800.857 1 11111 0
 128 60. 0.02 2.2707 2147483647
 17 1     110 42.18300  -8.8140 VIGOIGER
 20231207 220000   31.925 1 11111 0
 128 60. 0.02 2.4397 2147483647
 17 1     110 38.75100  -2.8420 VILHIGER
 20231207 220000  968.830 1 11111 0
 128 60. 0.02 2.2294 2147483647
 17 1     110 43.55800  -5.6990 XIX1IGER
 20231207 220000    6.019 1 11111 0
 128 60. 0.02 2.3989 2147483647
 17 1     110 43.57000  -5.7020 XIXOIGER
 20231207 220000  103.228 1 11111 0
 128 60. 0.02 2.3692 2147483647
 17 1     110 40.52300  -3.0910 YEB1IGER
 20231207 220000  923.394 1 11111 0
 128 60. 0.02 2.1976 2147483647
 17 1     110 40.52400  -3.0890 YEBEIGER
 20231207 220000  920.807 1 11111 0
 128 60. 0.02 2.2067 2147483647
 17 1     110 41.63300  -0.8830 ZARAIGER
 20231207 220000  249.299 1 11111 0
 128 60. 0.02 2.4162 2147483647
 17 1     110 38.42600  -6.4110 ZFRAIGER
 20231207 220000  532.047 1 11111 0
 128 60. 0.02 2.2869 2147483647
 17 1     110 46.87700   7.4650 ZIMMIGER
 20231207 220000  907.508 1 11111 0
 128 60. 0.02 2.1410 2147483647
 17 1     110 43.36400  -8.3990 ACORMTRS
 20231207 220000   14.781 1 11111 0
 128 60. 0.02 2.4154 2147483647
 17 1     110 41.92700   8.7620 AJACMTRS
 20231207 220000   49.155 1 11111 0
 128 60. 0.02 2.4181 2147483647
 17 1     110 38.97700  -1.8570 ALBAMTRS
 20231207 220000  702.121 1 11111 0
 128 60. 0.02 2.2894 2147483647
 17 1     110 52.15300   1.6020 ALDBMTRS
 20231207 220000   12.116 1 11111 0
 128 60. 0.02 2.4264 2147483647
 17 1     110 51.67700  -0.5600 AMERMTRS
 20231207 220000   87.411 1 11111 0
 128 60. 0.02 2.3705 2147483647
 17 1     110 51.68900  -5.0800 ANLXMTRS
 20231207 220000   19.856 1 11111 0
 128 60. 0.02 2.3619 2147483647
 17 1     110 51.91500   0.9610 ARDLMTRS
 20231207 220000   46.144 1 11111 0
 128 60. 0.02 2.4146 2147483647
 17 1     110 56.90900  -5.8500 ARISMTRS
 20231207 220000    6.046 1 11111 0
 128 60. 0.02 2.3598 2147483647
 17 1     110 52.79600  -6.1580 ARK2MTRS
 20231207 220000   35.822 1 11111 0
 128 60. 0.02 2.3517 2147483647
 17 1     110 53.25100  -3.4810 ASAPMTRS
 20231207 220000   49.709 1 11111 0
 128 60. 0.02 2.3536 2147483647
 17 1     110 53.43200  -7.9080 ATH1MTRS
 20231207 220000   57.183 1 11111 0
 128 60. 0.02 2.3298 2147483647
 17 1     110 56.95400  -7.5010 BARRMTRS
 20231207 220000   12.665 1 11111 0
 128 60. 0.02 2.3535 2147483647
 17 1     110 41.59900   1.4010 BELLMTRS
 20231207 220000  803.665 1 11111 0
 128 60. 0.02 2.2466 2147483647
 17 1     110 57.47300  -7.3650 BENBMTRS
 20231207 220000    9.724 1 11111 0
 128 60. 0.02 2.3578 2147483647
 17 1     110 52.44700  -1.7500 BIAXMTRS
 20231207 220000  120.556 1 11111 0
 128 60. 0.02 2.3441 2147483647
 17 1     110 53.77600  -3.0350 BLAPMTRS
 20231207 220000   13.484 1 11111 0
 128 60. 0.02 2.3716 2147483647
 17 1     110 51.67600  -9.4500 BNT4MTRS
 20231207 220000   56.489 1 11111 0
 128 60. 0.02 2.3449 2147483647
 17 1     110 55.18000  -6.1550 BPTKMTRS
 20231207 220000  157.129 1 11111 0
 128 60. 0.02 2.3005 2147483647
 17 1     110 57.00600  -3.3960 BRAEMTRS
 20231207 220000  347.912 1 11111 0
 128 60. 0.02 2.2742 2147483647
 17 1     110 45.72600   4.9380 BRMFMTRS
 20231207 220000  207.248 1 11111 0
 128 60. 0.02 2.3430 2147483647
 17 1     110 47.90700   7.6320 BRMGMTRS
 20231207 220000  212.421 1 11111 0
 128 60. 0.02 2.3290 2147483647
 17 1     110 48.38000  -4.4970 BRSTMTRS
 20231207 220000   16.384 1 11111 0
 128 60. 0.02 2.3711 2147483647
 17 1     110 51.99500  -1.0170 BUCIMTRS
 20231207 220000  108.610 1 11111 0
 128 60. 0.02 2.3586 2147483647
 17 1     110 53.22900  -1.9200 BUXTMTRS
 20231207 220000  391.843 1 11111 0
 128 60. 0.02 2.2561 2147483647
 17 1     110 39.47800  -6.3420 CACEMTRS
 20231207 220000  382.079 1 11111 0
 128 60. 0.02 2.3347 2147483647
 17 1     110 50.21800  -5.3280 CAMOMTRS
 20231207 220000   88.087 1 11111 0
 128 60. 0.02 2.3293 2147483647
 17 1     110 55.42500  -5.6020 CAMTMTRS
 20231207 220000   11.193 1 11111 0
 128 60. 0.02 2.3548 2147483647
 17 1     110 37.59600  -0.9740 CARGMTRS
 20231207 220000    7.928 1 11111 0
 128 60. 0.02 2.5135 2147483647
 17 1     110 51.53100  -3.1070 CARIMTRS
 20231207 220000   41.712 1 11111 0
 128 60. 0.02 2.3629 2147483647
 17 1     110 54.89500  -2.9390 CARLMTRS
 20231207 220000   40.645 1 11111 0
 128 60. 0.02 2.3578 2147483647
 17 1     110 53.85000  -9.2880 CAS3MTRS
 20231207 220000   52.931 1 11111 0
 128 60. 0.02 2.3365 2147483647
 17 1     110 38.69300  -9.4190 CASCMTRS
 20231207 220000   23.808 1 11111 0
 128 60. 0.02 2.4621 2147483647
 17 1     110 54.37100  -1.7260 CATEMTRS
 20231207 220000  163.647 1 11111 0
 128 60. 0.02 2.3419 2147483647
 17 1     110 51.96900   4.9260 CBW1MTRS
 20231207 220000    2.128 1 11111 0
 128 60. 0.02 2.3801 2147483647
 17 1     110 49.68400  18.3530 CFRMMTRS
 20231207 220000  330.846 1 11111 0
 128 60. 0.02 2.2951 2147483647
 17 1     110 51.14800  -1.4390 CHIOMTRS
 20231207 220000   81.768 1 11111 0
 128 60. 0.02 2.3530 2147483647
 17 1     110 53.94300  -8.0900 CKS1MTRS
 20231207 220000   58.574 1 11111 0
 128 60. 0.02 2.3252 2147483647
 17 1     110 52.35800  -1.3320 CLAWMTRS
 20231207 220000  110.312 1 11111 0
 128 60. 0.02 2.3581 2147483647
 17 1     110 37.91500  -4.7220 COBAMTRS
 20231207 220000  151.358 1 11111 0
 128 60. 0.02 2.4589 2147483647
 17 1     110 53.09600  -2.3950 CREWMTRS
 20231207 220000   68.313 1 11111 0
 128 60. 0.02 2.3626 2147483647
 17 1     110 51.88400  -8.5330 CRK1MTRS
 20231207 220000   31.174 1 11111 0
 128 60. 0.02 2.3442 2147483647
 17 1     110 52.82800  -6.9330 CRLWMTRS
 20231207 220000   62.849 1 11111 0
 128 60. 0.02 2.3372 2147483647
 17 1     110 53.99300  -7.3650 CVN1MTRS
 20231207 220000   89.931 1 11111 0
 128 60. 0.02 2.3116 2147483647
 17 1     110 53.34400  -2.6410 DAREMTRS
 20231207 220000   36.534 1 11111 0
 128 60. 0.02 2.3615 2147483647
 17 1     110 50.93300   3.3990 DENTMTRS
 20231207 220000   19.810 1 11111 0
 128 60. 0.02 2.4062 2147483647
 17 1     110 51.98600   4.3870 DLF1MTRS
 20231207 220000   32.329 1 11111 0
 128 60. 0.02 2.3924 2147483647
 17 1     110 54.65900  -8.0880 DNG1MTRS
 20231207 220000   35.391 1 11111 0
 128 60. 0.02 2.3431 2147483647
 17 1     110 50.09400   4.5940 DOURMTRS
 20231207 220000  237.150 1 11111 0
 128 60. 0.02 2.3338 2147483647
 17 1     110 56.46300  -2.8780 DUDEMTRS
 20231207 220000    5.837 1 11111 0
 128 60. 0.02 2.3909 2147483647
 17 1     110 40.82000   0.4920 EBREMTRS
 20231207 220000   57.738 1 11111 0
 128 60. 0.02 2.4871 2147483647
 17 1     110 55.92800  -3.3450 EDIBMTRS
 20231207 220000   60.586 1 11111 0
 128 60. 0.02 2.3568 2147483647
 17 1     110 42.69300   0.9750 ESCOMTRS
 20231207 220000 2455.307 1 11111 0
 128 60. 0.02 1.7955 2147483647
 17 1     110 50.61300  -3.4110 EXMOMTRS
 20231207 220000   14.130 1 11111 0
 128 60. 0.02 2.3585 2147483647
 17 1     110 50.09000   8.6640 FFMJMTRS
 20231207 220000  130.107 1 11111 0
 128 60. 0.02 2.3286 2147483647
 17 1     110 39.45300 -31.1270 FLRSMTRS
 20231207 220000   23.896 1 11111 0
 128 60. 0.02 2.5555 2147483647
 17 1     110 54.98300  -7.3370 FOYLMTRS
 20231207 220000   11.438 1 11111 0
 128 60. 0.02 2.3467 2147483647
 17 1     110 57.69300  -2.0030 FRARMTRS
 20231207 220000   11.271 1 11111 0
 128 60. 0.02 2.3863 2147483647
 17 1     110 32.64700 -16.9080 FUNCMTRS
 20231207 220000   30.650 1 11111 0
 128 60. 0.02 2.4711 2147483647
 17 1     110 52.19500  -1.4820 GAYDMTRS
 20231207 220000  127.782 1 11111 0
 128 60. 0.02 2.3435 2147483647
 17 1     110 55.85400  -4.2970 GLASMTRS
 20231207 220000   17.127 1 11111 0
 128 60. 0.02 2.3620 2147483647
 17 1     110 53.60700  -8.5660 GLNMMTRS
 20231207 220000  102.877 1 11111 0
 128 60. 0.02 2.3170 2147483647
 17 1     110 53.28000  -9.0610 GLW1MTRS
 20231207 220000   28.956 1 11111 0
 128 60. 0.02 2.3470 2147483647
 17 1     110 52.57500   1.7310 GORSMTRS
 20231207 220000    7.208 1 11111 0
 128 60. 0.02 2.4217 2147483647
 17 1     110 54.17400   7.8930 HELGMTRS
 20231207 220000    9.286 1 11111 0
 128 60. 0.02 2.3662 2147483647
 17 1     110 58.11500  -3.6500 HELSMTRS
 20231207 220000   14.865 1 11111 0
 128 60. 0.02 2.3836 2147483647
 17 1     110 50.86700   0.3350 HEROMTRS
 20231207 220000   27.090 1 11111 0
 128 60. 0.02 2.4072 2147483647
 17 1     110 53.31700  -4.6430 HOLYMTRS
 20231207 220000   13.048 1 11111 0
 128 60. 0.02 2.3584 2147483647
 17 1     110 51.40400  -1.5140 HUNGMTRS
 20231207 220000  135.638 1 11111 0
 128 60. 0.02 2.3400 2147483647
 17 1     110 57.48600  -4.2200 INVRMTRS
 20231207 220000   12.755 1 11111 0
 128 60. 0.02 2.3732 2147483647
 17 1     110 28.30800 -16.5000 IZANMTRS
 20231207 220000 2367.153 1 11111 0
 128 60. 0.02 1.8118 2147483647
 17 1     110 62.39100  30.0960 JOENMTRS
 20231207 220000   96.439 1 11111 0
 128 60. 0.02 2.3574 2147483647
 17 1     110 52.09700  21.0320 JOZ2MTRS
 20231207 220000  120.882 1 11111 0
 128 60. 0.02 2.3680 2147483647
 17 1     110 49.01100   8.4110 KARLMTRS
 20231207 220000  134.783 1 11111 0
 128 60. 0.02 2.3343 2147483647
 17 1     110 55.59500  -2.4410 KELOMTRS
 20231207 220000   41.264 1 11111 0
 128 60. 0.02 2.3714 2147483647
 17 1     110 52.87800  -1.0790 KEYWMTRS
 20231207 220000   74.092 1 11111 0
 128 60. 0.02 2.3716 2147483647
 17 1     110 58.45800  -5.0530 KINLMTRS
 20231207 220000    9.935 1 11111 0
 128 60. 0.02 2.3697 2147483647
 17 1     110 54.83900  -4.0480 KIRKMTRS
 20231207 220000   12.739 1 11111 0
 128 60. 0.02 2.3618 2147483647
 17 1     110 52.17300   5.8180 KOS1MTRS
 20231207 220000   61.514 1 11111 0
 128 60. 0.02 2.3524 2147483647
 17 1     110 58.25500  22.5100 KUREMTRS
 20231207 220000   21.804 1 11111 0
 128 60. 0.02 2.3795 2147483647
 17 1     110 37.09800  -8.6690 LAGOMTRS
 20231207 220000    9.881 1 11111 0
 128 60. 0.02 2.4871 2147483647
 17 1     110 57.42000  -5.4650 LCARMTRS
 20231207 220000   16.454 1 11111 0
 128 60. 0.02 2.3678 2147483647
 17 1     110 53.12700  -1.9820 LEEKMTRS
 20231207 220000  301.898 1 11111 0
 128 60. 0.02 2.2832 2147483647
 17 1     110 60.13800  -1.1840 LERIMTRS
 20231207 220000   82.525 1 11111 0
 128 60. 0.02 2.3512 2147483647
 17 1     110 53.19700  -8.5740 LGHRMTRS
 20231207 220000   87.078 1 11111 0
 128 60. 0.02 2.3227 2147483647
 17 1     110 49.96900  -5.1880 LIARMTRS
 20231207 220000   47.336 1 11111 0
 128 60. 0.02 2.3484 2147483647
 17 1     110 56.01300  -5.4470 LOCGMTRS
 20231207 220000   16.592 1 11111 0
 128 60. 0.02 2.3550 2147483647
 17 1     110 28.76300 -17.8940 LPALMTRS
 20231207 220000 2158.875 1 11111 0
 128 60. 0.02 1.8523 2147483647
 17 1     110 51.30300   0.4830 MAISMTRS
 20231207 220000    9.056 1 11111 0
 128 60. 0.02 2.4151 2147483647
 17 1     110 53.51100  -2.2360 MANRMTRS
 20231207 220000   78.769 1 11111 0
 128 60. 0.02 2.3524 2147483647
 17 1     110 60.59500  17.2580 MAR6MTRS
 20231207 220000   50.920 1 11111 0
 128 60. 0.02 2.3691 2147483647
 17 1     110 43.27800   5.3530 MARSMTRS
 20231207 220000   12.497 1 11111 0
 128 60. 0.02 2.4452 2147483647
 17 1     110 51.39100   1.3820 MARTMTRS
 20231207 220000   13.674 1 11111 0
 128 60. 0.02 2.4294 2147483647
 17 1     110 40.64900  16.7040 MATEMTRS
 20231207 220000  490.156 1 11111 0
 128 60. 0.02 2.2318 2147483647
 17 1     110 52.26300  -8.2670 MCHTMTRS
 20231207 220000  128.502 1 11111 0
 128 60. 0.02 2.3153 2147483647
 17 1     110 53.52400  -7.3350 MLG1MTRS
 20231207 220000  100.628 1 11111 0
 128 60. 0.02 2.3180 2147483647
 17 1     110 55.37200  -7.3400 MLHDMTRS
 20231207 220000   21.487 1 11111 0
 128 60. 0.02 2.3447 2147483647
 17 1     110 55.21200  -1.6860 MOROMTRS
 20231207 220000   95.386 1 11111 0
 128 60. 0.02 2.3693 2147483647
 17 1     110 53.65000  -6.6860 NAVNMTRS
 20231207 220000   54.592 1 11111 0
 128 60. 0.02 2.3314 2147483647
 17 1     110 54.97900  -1.6170 NCASMTRS
 20231207 220000   75.979 1 11111 0
 128 60. 0.02 2.3797 2147483647
 17 1     110 52.26600   0.4150 NEWRMTRS
 20231207 220000   29.740 1 11111 0
 128 60. 0.02 2.4128 2147483647
 17 1     110 52.20900  -8.9950 NWMRMTRS
 20231207 220000  173.257 1 11111 0
 128 60. 0.02 2.3076 2147483647
 17 1     110 52.38900  -6.9310 NWR1MTRS
 20231207 220000  107.354 1 11111 0
 128 60. 0.02 2.3261 2147483647
 17 1     110 78.93000  11.8580 NYA2MTRS
 20231207 220000   44.872 1 11111 0
 128 60. 0.02 2.3300 2147483647
 17 1     110 57.39500  11.9250 ONSAMTRS
 20231207 220000   10.072 1 11111 0
 128 60. 0.02 2.3601 2147483647
 17 1     110 59.73600  10.3670 OSLSMTRS
 20231207 220000  187.120 1 11111 0
 128 60. 0.02 2.3118 2147483647
 17 1     110 51.82300  -1.2890 OXFRMTRS
 20231207 220000   71.855 1 11111 0
 128 60. 0.02 2.3652 2147483647
 17 1     110 50.54100  -4.9370 PADTMTRS
 20231207 220000   11.972 1 11111 0
 128 60. 0.02 2.3680 2147483647
 17 1     110 37.74700 -25.6630 PDELMTRS
 20231207 220000   54.597 1 11111 0
 128 60. 0.02 2.5091 2147483647
 17 1     110 52.37900  13.0660 POTSMTRS
 20231207 220000  104.205 1 11111 0
 128 60. 0.02 2.3402 2147483647
 17 1     110 50.20200  -3.7210 PRAEMTRS
 20231207 220000   60.733 1 11111 0
 128 60. 0.02 2.3474 2147483647
 17 1     110 51.71900  -0.8290 PRISMTRS
 20231207 220000  145.375 1 11111 0
 128 60. 0.02 2.3467 2147483647
 17 1     110 53.03800  -7.3140 PRT2MTRS
 20231207 220000  101.354 1 11111 0
 128 60. 0.02 2.3252 2147483647
 17 1     110 54.58500  -5.9400 QUB1MTRS
 20231207 220000   30.568 1 11111 0
 128 60. 0.02 2.3435 2147483647
 17 1     110 36.98500 -25.1270 RAEGMTRS
 20231207 220000  250.930 1 11111 0
 128 60. 0.02 2.4638 2147483647
 17 1     110 56.94800  24.0580 RIGAMTRS
 20231207 220000   14.215 1 11111 0
 128 60. 0.02 2.3886 2147483647
 17 1     110 55.89800  -2.1290 SABSMTRS
 20231207 220000   11.424 1 11111 0
 128 60. 0.02 2.3857 2147483647
 17 1     110 50.65000  -1.2130 SANOMTRS
 20231207 220000   44.832 1 11111 0
 128 60. 0.02 2.3657 2147483647
 17 1     110 52.24200  -2.8860 SHODMTRS
 20231207 220000  101.678 1 11111 0
 128 60. 0.02 2.3405 2147483647
 17 1     110 52.71700  -2.7170 SHREMTRS
 20231207 220000   58.537 1 11111 0
 128 60. 0.02 2.3547 2147483647
 17 1     110 64.87900  21.0480 SKE0MTRS
 20231207 220000   59.223 1 11111 0
 128 60. 0.02 2.3715 2147483647
 17 1     110 53.14100   0.3460 SKEEMTRS
 20231207 220000   12.934 1 11111 0
 128 60. 0.02 2.4172 2147483647
 17 1     110 54.26300  -8.4760 SLG1MTRS
 20231207 220000   56.292 1 11111 0
 128 60. 0.02 2.3353 2147483647
 17 1     110 52.18500  -0.1130 SNEOMTRS
 20231207 220000   74.362 1 11111 0
 128 60. 0.02 2.3839 2147483647
 17 1     110 42.55600  23.3940 SOFIMTRS
 20231207 220000 1075.429 1 11111 0
 128 60. 0.02 2.0811 2147483647
 17 1     110 50.93700  -1.4710 SOTNMTRS
 20231207 220000   26.825 1 11111 0
 128 60. 0.02 2.3643 2147483647
 17 1     110 57.71400  12.8910 SPT0MTRS
 20231207 220000  185.056 1 11111 0
 128 60. 0.02 2.3104 2147483647
 17 1     110 43.86700  18.4130 SRJVMTRS
 20231207 220000  599.201 1 11111 0
 128 60. 0.02 2.2082 2147483647
 17 1     110 59.01700   5.5980 STASMTRS
 20231207 220000   66.431 1 11111 0
 128 60. 0.02 2.3326 2147483647
 17 1     110 54.49000  -3.6070 STBEMTRS
 20231207 220000   12.797 1 11111 0
 128 60. 0.02 2.3643 2147483647
 17 1     110 51.90100  -0.1790 STEEMTRS
 20231207 220000  112.311 1 11111 0
 128 60. 0.02 2.3619 2147483647
 17 1     110 58.20300  -6.3760 STORMTRS
 20231207 220000    7.547 1 11111 0
 128 60. 0.02 2.3762 2147483647
 17 1     110 51.54400   0.0090 STRAMTRS
 20231207 220000   34.609 1 11111 0
 128 60. 0.02 2.3893 2147483647
 17 1     110 51.73900  -2.3010 STRUMTRS
 20231207 220000   26.665 1 11111 0
 128 60. 0.02 2.3571 2147483647
 17 1     110 62.23200  17.6590 SUN6MTRS
 20231207 220000    8.039 1 11111 0
 128 60. 0.02 2.3848 2147483647
 17 1     110 53.45900  -6.2200 SWR1MTRS
 20231207 220000   38.556 1 11111 0
 128 60. 0.02 2.3408 2147483647
 17 1     110 51.02200  -3.0790 TAUOMTRS
 20231207 220000   20.141 1 11111 0
 128 60. 0.02 2.3589 2147483647
 17 1     110 51.42500  -0.3440 TEDDMTRS
 20231207 220000   23.937 1 11111 0
 128 60. 0.02 2.3891 2147483647
 17 1     110 51.03500   6.4310 TIT2MTRS
 20231207 220000  110.100 1 11111 0
 128 60. 0.02 2.3399 2147483647
 17 1     110 53.29100  -6.3640 TLL1MTRS
 20231207 220000  107.734 1 11111 0
 128 60. 0.02 2.3128 2147483647
 17 1     110 43.56000   1.4800 TLSEMTRS
 20231207 220000  159.150 1 11111 0
 128 60. 0.02 2.4344 2147483647
 17 1     110 59.42200  27.5360 TOILMTRS
 20231207 220000   60.425 1 11111 0
 128 60. 0.02 2.3690 2147483647
 17 1     110 52.79100  -7.8440 TPMRMTRS
 20231207 220000  134.133 1 11111 0
 128 60. 0.02 2.3112 2147483647
 17 1     110 63.37100  10.3190 TRDSMTRS
 20231207 220000  283.225 1 11111 0
 128 60. 0.02 2.2736 2147483647
 17 1     110 52.28600  -9.6740 TRL2MTRS
 20231207 220000   80.400 1 11111 0
 128 60. 0.02 2.3315 2147483647
 17 1     110 49.20500  16.5920 TUBOMTRS
 20231207 220000  279.847 1 11111 0
 128 60. 0.02 2.2953 2147483647
 17 1     110 39.22800   9.1100 UCAGMTRS
 20231207 220000   88.097 1 11111 0
 128 60. 0.02 2.3842 2147483647
 17 1     110 57.90500  -5.1670 ULLOMTRS
 20231207 220000   24.504 1 11111 0
 128 60. 0.02 2.3646 2147483647
 17 1     110 39.48000  -0.3380 VALEMTRS
 20231207 220000   29.929 1 11111 0
 128 60. 0.02 2.4899 2147483647
 17 1     110 70.33600  31.0310 VARSMTRS
 20231207 220000  162.276 1 11111 0
 128 60. 0.02 2.3192 2147483647
 17 1     110 42.18300  -8.8140 VIGOMTRS
 20231207 220000   31.926 1 11111 0
 128 60. 0.02 2.4215 2147483647
 17 1     110 57.65300  18.3670 VIS0MTRS
 20231207 220000   55.014 1 11111 0
 128 60. 0.02 2.3761 2147483647
 17 1     110 51.44200   3.5970 VLISMTRS
 20231207 220000    9.954 1 11111 0
 128 60. 0.02 2.4068 2147483647
 17 1     110 51.93900 -10.2420 VLN1MTRS
 20231207 220000   18.215 1 11111 0
 128 60. 0.02 2.3574 2147483647
 17 1     110 50.68900   5.2450 WAREMTRS
 20231207 220000  142.162 1 11111 0
 128 60. 0.02 2.3659 2147483647
 17 1     110 54.16900  12.1010 WARNMTRS
 20231207 220000   12.666 1 11111 0
 128 60. 0.02 2.3710 2147483647
 17 1     110 51.20400  -2.1820 WARRMTRS
 20231207 220000  129.262 1 11111 0
 128 60. 0.02 2.3231 2147483647
 17 1     110 52.94400   1.1300 WEYBMTRS
 20231207 220000   29.209 1 11111 0
 128 60. 0.02 2.4151 2147483647
 17 1     110 52.91400   6.6040 WSRTMTRS
 20231207 220000   41.155 1 11111 0
 128 60. 0.02 2.3625 2147483647
 17 1     110 49.14400  12.8780 WTZRMTRS
 20231207 220000  619.239 1 11111 0
 128 60. 0.02 2.1647 2147483647
 17 1     110 41.63300  -0.8830 ZARAMTRS
 20231207 220000  249.315 1 11111 0
 128 60. 0.02 2.4018 2147483647
 17 1     110 46.87700   7.4650 ZIM2MTRS
 20231207 220000  907.625 1 11111 0
 128 60. 0.02 2.1411 2147483647
 17 1     110 50.96300   4.8360 AARSROBQ
 20231207 220000   59.074 1 11111 0
 128 60. 0.02 2.3850 2147483647
 17 1     110 52.13900  -4.5720 ABEPROBQ
 20231207 220000  133.733 1 11111 0
 128 60. 0.02 2.3122 2147483647
 17 1     110 52.78900  -4.7420 ADARROBQ
 20231207 220000   93.655 1 11111 0
 128 60. 0.02 2.3274 2147483647
 17 1     110 52.17900   5.9590 ADR2ROBQ
 20231207 220000   44.781 1 11111 0
 128 60. 0.02 2.3571 2147483647
 17 1     110 41.92700   8.7620 AJACROBQ
 20231207 220000   50.093 1 11111 0
 128 60. 0.02 2.4196 2147483647
 17 1     110 52.15300   1.6020 ALDBROBQ
 20231207 220000   11.903 1 11111 0
 128 60. 0.02 2.4305 2147483647
 17 1     110 53.44600   5.7640 AMELROBQ
 20231207 220000 -999.999 1 11111 0
 128 60. 0.02 2.3693 2147483647
 17 1     110 51.67700  -0.5600 AMERROBQ
 20231207 220000   87.121 1 11111 0
 128 60. 0.02 2.3517 2147483647
 17 1     110 52.38700   4.8350 AMSTROBQ
 20231207 220000   44.421 1 11111 0
 128 60. 0.02 2.3670 2147483647
 17 1     110 52.21100   5.9620 APELROBQ
 20231207 220000   72.425 1 11111 0
 128 60. 0.02 2.3494 2147483647
 17 1     110 51.05600  -4.2000 APPLROBQ
 20231207 220000   15.021 1 11111 0
 128 60. 0.02 2.3590 2147483647
 17 1     110 51.91500   0.9610 ARDLROBQ
 20231207 220000   46.001 1 11111 0
 128 60. 0.02 2.4007 2147483647
 17 1     110 56.90900  -5.8500 ARISROBQ
 20231207 220000    5.587 1 11111 0
 128 60. 0.02 2.3488 2147483647
 17 1     110 49.65200   5.8190 ARLOROBQ
 20231207 220000  380.862 1 11111 0
 128 60. 0.02 2.2894 2147483647
 17 1     110 51.95200   5.8730 ARNHROBQ
 20231207 220000   32.704 1 11111 0
 128 60. 0.02 2.3998 2147483647
 17 1     110 53.25100  -3.4810 ASAPROBQ
 20231207 220000   49.118 1 11111 0
 128 60. 0.02 2.3413 2147483647
 17 1     110 52.97700   6.5640 ASS2ROBQ
 20231207 220000   27.814 1 11111 0
 128 60. 0.02 2.3611 2147483647
 17 1     110 52.51600   0.9880 ATTLROBQ
 20231207 220000   35.821 1 11111 0
 128 60. 0.02 2.4112 2147483647
 17 1     110 50.63700   5.8340 BATTROBQ
 20231207 220000  276.021 1 11111 0
 128 60. 0.02 2.3162 2147483647
 17 1     110 57.47300  -7.3650 BENBROBQ
 20231207 220000    9.406 1 11111 0
 128 60. 0.02 2.3443 2147483647
 17 1     110 50.70000   5.1860 BERLROBQ
 20231207 220000  139.370 1 11111 0
 128 60. 0.02 2.3579 2147483647
 17 1     110 50.86200   4.6120 BERTROBQ
 20231207 220000   55.425 1 11111 0
 128 60. 0.02 2.3922 2147483647
 17 1     110 51.30600   4.3150 BEZAROBQ
 20231207 220000   21.252 1 11111 0
 128 60. 0.02 2.3964 2147483647
 17 1     110 52.44700  -1.7500 BIAXROBQ
 20231207 220000 -999.999 1 11111 0
 128 60. 0.02 2.3251 2147483647
 17 1     110 53.77600  -3.0350 BLAPROBQ
 20231207 220000   13.149 1 11111 0
 128 60. 0.02 2.3591 2147483647
 17 1     110 51.69400   2.8170 BLIGROBQ
 20231207 220000   45.800 1 11111 0
 128 60. 0.02 2.4083 2147483647
 17 1     110 53.57800   6.6660 BORJROBQ
 20231207 220000   12.606 1 11111 0
 128 60. 0.02 2.3772 2147483647
 17 1     110 51.64000   5.9820 BOXMROBQ
 20231207 220000   25.527 1 11111 0
 128 60. 0.02 2.3596 2147483647
 17 1     110 57.00600  -3.3960 BRAEROBQ
 20231207 220000  347.818 1 11111 0
 128 60. 0.02 2.2680 2147483647
 17 1     110 51.35300   4.6280 BRCTROBQ
 20231207 220000   33.271 1 11111 0
 128 60. 0.02 2.3990 2147483647
 17 1     110 51.56300   4.7460 BRD2ROBQ
 20231207 220000   11.264 1 11111 0
 128 60. 0.02 2.3962 2147483647
 17 1     110 51.95200  -3.3820 BRECROBQ
 20231207 220000  189.086 1 11111 0
 128 60. 0.02 2.2909 2147483647
 17 1     110 51.19000   3.2000 BRGGROBQ
 20231207 220000   24.747 1 11111 0
 128 60. 0.02 2.4033 2147483647
 17 1     110 45.72600   4.9380 BRMFROBQ
 20231207 220000  206.916 1 11111 0
 128 60. 0.02 2.3519 2147483647
 17 1     110 47.90700   7.6320 BRMGROBQ
 20231207 220000 -999.999 1 11111 0
 128 60. 0.02 2.3382 2147483647
 17 1     110 48.38000  -4.4970 BRSTROBQ
 20231207 220000   16.286 1 11111 0
 128 60. 0.02 2.3845 2147483647
 17 1     110 50.79800   4.3580 BRUXROBQ
 20231207 220000  113.113 1 11111 0
 128 60. 0.02 2.3686 2147483647
 17 1     110 47.24600   5.9890 BSCNROBQ
 20231207 220000  310.238 1 11111 0
 128 60. 0.02 2.3076 2147483647
 17 1     110 51.99500  -1.0170 BUCIROBQ
 20231207 220000 -999.999 1 11111 0
 128 60. 0.02 2.3364 2147483647
 17 1     110 53.22900  -1.9200 BUXTROBQ
 20231207 220000  391.120 1 11111 0
 128 60. 0.02 2.2447 2147483647
 17 1     110 50.21800  -5.3280 CAMOROBQ
 20231207 220000   88.055 1 11111 0
 128 60. 0.02 2.3245 2147483647
 17 1     110 55.42500  -5.6020 CAMTROBQ
 20231207 220000 -999.999 1 11111 0
 128 60. 0.02 2.3510 2147483647
 17 1     110 51.53100  -3.1070 CARIROBQ
 20231207 220000   41.648 1 11111 0
 128 60. 0.02 2.3545 2147483647
 17 1     110 54.89500  -2.9390 CARLROBQ
 20231207 220000   40.568 1 11111 0
 128 60. 0.02 2.3441 2147483647
 17 1     110 51.96900   4.9260 CBW1ROBQ
 20231207 220000 -999.999 1 11111 0
 128 60. 0.02 2.3806 2147483647
 17 1     110 51.14900  -1.4390 CHIOROBQ
 20231207 220000   81.624 1 11111 0
 128 60. 0.02 2.3417 2147483647
 17 1     110 52.35800  -1.3320 CLAWROBQ
 20231207 220000  110.044 1 11111 0
 128 60. 0.02 2.3282 2147483647
 17 1     110 53.09600  -2.3950 CREWROBQ
 20231207 220000 -999.999 1 11111 0
 128 60. 0.02 2.3445 2147483647
 17 1     110 53.34400  -2.6410 DAREROBQ
 20231207 220000   36.283 1 11111 0
 128 60. 0.02 2.3502 2147483647
 17 1     110 51.98600   4.3870 DELFROBQ
 20231207 220000   30.664 1 11111 0
 128 60. 0.02 2.3781 2147483647
 17 1     110 50.93300   3.3990 DENTROBQ
 20231207 220000   20.015 1 11111 0
 128 60. 0.02 2.4002 2147483647
 17 1     110 51.98600   4.3870 DLF1ROBQ
 20231207 220000   32.064 1 11111 0
 128 60. 0.02 2.3821 2147483647
 17 1     110 50.09400   4.5940 DOURROBQ
 20231207 220000  237.181 1 11111 0
 128 60. 0.02 2.3185 2147483647
 17 1     110 52.25100  -2.1980 DROWROBQ
 20231207 220000   36.942 1 11111 0
 128 60. 0.02 2.3578 2147483647
 17 1     110 55.62700  -3.7370 DRUMROBQ
 20231207 220000  248.059 1 11111 0
 128 60. 0.02 2.2859 2147483647
 17 1     110 50.92600   0.9760 DUNGROBQ
 20231207 220000   11.072 1 11111 0
 128 60. 0.02 2.4096 2147483647
 17 1     110 53.32000   6.9400 DZYLROBQ
 20231207 220000   15.632 1 11111 0
 128 60. 0.02 2.3697 2147483647
 17 1     110 53.64900   0.1160 EASNROBQ
 20231207 220000    6.231 1 11111 0
 128 60. 0.02 2.4054 2147483647
 17 1     110 52.06700   6.6560 EBRGROBQ
 20231207 220000   30.474 1 11111 0
 128 60. 0.02 2.3603 2147483647
 17 1     110 55.92800  -3.3450 EDIBROBQ
 20231207 220000 -999.999 1 11111 0
 128 60. 0.02 2.3544 2147483647
 17 1     110 51.18900   3.5640 EEKLROBQ
 20231207 220000   25.264 1 11111 0
 128 60. 0.02 2.3952 2147483647
 17 1     110 51.43300   5.4650 EHVNROBQ
 20231207 220000   40.855 1 11111 0
 128 60. 0.02 2.3714 2147483647
 17 1     110 50.75800   5.6830 EIJSROBQ
 20231207 220000   57.559 1 11111 0
 128 60. 0.02 2.3836 2147483647
 17 1     110 50.92200   3.9690 ERPEROBQ
 20231207 220000   36.744 1 11111 0
 128 60. 0.02 2.3999 2147483647
 17 1     110 55.31200  -3.2070 ESKDROBQ
 20231207 220000  243.485 1 11111 0
 128 60. 0.02 2.2935 2147483647
 17 1     110 50.61300  -3.4110 EXMOROBQ
 20231207 220000   14.001 1 11111 0
 128 60. 0.02 2.3586 2147483647
 17 1     110 57.13500  -4.6890 FAUGROBQ
 20231207 220000   44.197 1 11111 0
 128 60. 0.02 2.3463 2147483647
 17 1     110 50.09000   8.6640 FFMJROBQ
 20231207 220000  130.179 1 11111 0
 128 60. 0.02 2.3325 2147483647
 17 1     110 50.32000   4.2160 FOVAROBQ
 20231207 220000  126.483 1 11111 0
 128 60. 0.02 2.3618 2147483647
 17 1     110 57.69300  -2.0030 FRARROBQ
 20231207 220000   11.048 1 11111 0
 128 60. 0.02 2.3799 2147483647
 17 1     110 52.19500  -1.4820 GAYDROBQ
 20231207 220000 -999.999 1 11111 0
 128 60. 0.02 2.3308 2147483647
 17 1     110 50.76800   3.8690 GBGNROBQ
 20231207 220000   40.867 1 11111 0
 128 60. 0.02 2.3845 2147483647
 17 1     110 51.00800   3.7090 GENTROBQ
 20231207 220000   15.322 1 11111 0
 128 60. 0.02 2.4039 2147483647
 17 1     110 50.45300   3.8830 GHISROBQ
 20231207 220000   34.575 1 11111 0
 128 60. 0.02 2.4053 2147483647
 17 1     110 54.07500  -2.3090 GIGGROBQ
 20231207 220000  231.920 1 11111 0
 128 60. 0.02 2.2901 2147483647
 17 1     110 55.24300  -4.8580 GIRAROBQ
 20231207 220000    9.550 1 11111 0
 128 60. 0.02 2.3556 2147483647
 17 1     110 55.85400  -4.2970 GLASROBQ
 20231207 220000   16.959 1 11111 0
 128 60. 0.02 2.3562 2147483647
 17 1     110 49.91300  14.7850 GOPEROBQ
 20231207 220000  547.700 1 11111 0
 128 60. 0.02 2.1965 2147483647
 17 1     110 52.57500   1.7310 GORSROBQ
 20231207 220000    6.943 1 11111 0
 128 60. 0.02 2.4272 2147483647
 17 1     110 43.75400   6.9200 GRACROBQ
 20231207 220000 1268.889 1 11111 0
 128 60. 0.02 2.0448 2147483647
 17 1     110 43.75400   6.9200 GRASROBQ
 20231207 220000 1268.272 1 11111 0
 128 60. 0.02 2.0453 2147483647
 17 1     110 47.06700  15.4930 GRAZROBQ
 20231207 220000  492.789 1 11111 0
 128 60. 0.02 2.2241 2147483647
 17 1     110 50.94900  -0.5290 HARDROBQ
 20231207 220000   20.100 1 11111 0
 128 60. 0.02 2.3772 2147483647
 17 1     110 54.17400   7.8930 HELGROBQ
 20231207 220000    9.003 1 11111 0
 128 60. 0.02 2.3660 2147483647
 17 1     110 51.18600   4.8400 HEREROBQ
 20231207 220000   28.810 1 11111 0
 128 60. 0.02 2.4016 2147483647
 17 1     110 50.86700   0.3350 HEROROBQ
 20231207 220000   26.954 1 11111 0
 128 60. 0.02 2.3933 2147483647
 17 1     110 50.86700   0.3360 HERSROBQ
 20231207 220000   31.374 1 11111 0
 128 60. 0.02 2.3944 2147483647
 17 1     110 50.86700   0.3340 HERTROBQ
 20231207 220000   38.163 1 11111 0
 128 60. 0.02 2.3876 2147483647
 17 1     110 51.97700   4.1190 HHO2ROBQ
 20231207 220000 -999.999 1 11111 0
 128 60. 0.02 2.3992 2147483647
 17 1     110 50.77800   4.9000 HOEGROBQ
 20231207 220000   51.718 1 11111 0
 128 60. 0.02 2.3901 2147483647
 17 1     110 64.26700 -15.1980 HOFNROBQ
 20231207 220000   17.603 1 11111 0
 128 60. 0.02 2.3420 2147483647
 17 1     110 53.31700  -4.6430 HOLYROBQ
 20231207 220000   12.627 1 11111 0
 128 60. 0.02 2.3505 2147483647
 17 1     110 53.48200  -1.3800 HOOBROBQ
 20231207 220000  136.618 1 11111 0
 128 60. 0.02 2.3273 2147483647
 17 1     110 52.74900   6.5730 HOOGROBQ
 20231207 220000   17.185 1 11111 0
 128 60. 0.02 2.3671 2147483647
 17 1     110 51.01700   5.3740 HOUTROBQ
 20231207 220000   57.695 1 11111 0
 128 60. 0.02 2.3836 2147483647
 17 1     110 51.40400  -1.5140 HUNGROBQ
 20231207 220000  135.331 1 11111 0
 128 60. 0.02 2.3298 2147483647
 17 1     110 50.84800   2.8590 IEPEROBQ
 20231207 220000   30.323 1 11111 0
 128 60. 0.02 2.4182 2147483647
 17 1     110 52.46100   4.5560 IJMUROBQ
 20231207 220000   10.881 1 11111 0
 128 60. 0.02 2.3823 2147483647
 17 1     110 57.48600  -4.2200 INVRROBQ
 20231207 220000   12.642 1 11111 0
 128 60. 0.02 2.3652 2147483647
 17 1     110 52.96100   5.8130 JOURROBQ
 20231207 220000    7.808 1 11111 0
 128 60. 0.02 2.3707 2147483647
 17 1     110 50.62800   3.3710 KAINROBQ
 20231207 220000   21.327 1 11111 0
 128 60. 0.02 2.4112 2147483647
 17 1     110 49.01100   8.4110 KARLROBQ
 20231207 220000  134.706 1 11111 0
 128 60. 0.02 2.3365 2147483647
 17 1     110 55.59500  -2.4410 KELOROBQ
 20231207 220000   41.243 1 11111 0
 128 60. 0.02 2.3705 2147483647
 17 1     110 50.85100   6.0060 KERKROBQ
 20231207 220000  189.345 1 11111 0
 128 60. 0.02 2.3382 2147483647
 17 1     110 52.87800  -1.0790 KEYWROBQ
 20231207 220000   74.110 1 11111 0
 128 60. 0.02 2.3550 2147483647
 17 1     110 56.45400  -4.3210 KILNROBQ
 20231207 220000  177.404 1 11111 0
 128 60. 0.02 2.3198 2147483647
 17 1     110 58.45800  -5.0530 KINLROBQ
 20231207 220000    9.766 1 11111 0
 128 60. 0.02 2.3705 2147483647
 17 1     110 57.24500  -2.3290 KINTROBQ
 20231207 220000   92.346 1 11111 0
 128 60. 0.02 2.3547 2147483647
 17 1     110 54.83900  -4.0480 KIRKROBQ
 20231207 220000 -999.999 1 11111 0
 128 60. 0.02 2.3599 2147483647
 17 1     110 58.95300  -2.9020 KIRWROBQ
 20231207 220000   27.415 1 11111 0
 128 60. 0.02 2.3790 2147483647
 17 1     110 52.17300   5.8180 KOS1ROBQ
 20231207 220000   61.428 1 11111 0
 128 60. 0.02 2.3449 2147483647
 17 1     110 53.89200  20.6690 LAMAROBQ
 20231207 220000  157.693 1 11111 0
 128 60. 0.02 2.3432 2147483647
 17 1     110 57.42000  -5.4650 LCARROBQ
 20231207 220000   16.082 1 11111 0
 128 60. 0.02 2.3574 2147483647
 17 1     110 53.80000  -1.6640 LEEDROBQ
 20231207 220000  165.311 1 11111 0
 128 60. 0.02 2.3173 2147483647
 17 1     110 53.12700  -1.9820 LEEKROBQ
 20231207 220000  301.334 1 11111 0
 128 60. 0.02 2.2689 2147483647
 17 1     110 50.75300   4.2540 LEEUROBQ
 20231207 220000   44.803 1 11111 0
 128 60. 0.02 2.3873 2147483647
 17 1     110 52.50400   5.4210 LELYROBQ
 20231207 220000    8.821 1 11111 0
 128 60. 0.02 2.3609 2147483647
 17 1     110 60.13800  -1.1840 LERIROBQ
 20231207 220000   82.360 1 11111 0
 128 60. 0.02 2.3580 2147483647
 17 1     110 49.96900  -5.1880 LIARROBQ
 20231207 220000 -999.999 1 11111 0
 128 60. 0.02 2.3369 2147483647
 17 1     110 51.49900  -0.1750 LICCROBQ
 20231207 220000 -999.999 1 11111 0
 128 60. 0.02 2.3683 2147483647
 17 1     110 52.70900  -1.8140 LICFROBQ
 20231207 220000   78.897 1 11111 0
 128 60. 0.02 2.3471 2147483647
 17 1     110 53.25000  -0.5210 LINOROBQ
 20231207 220000   56.015 1 11111 0
 128 60. 0.02 2.3861 2147483647
 17 1     110 51.80800   5.4530 LITHROBQ
 20231207 220000   18.714 1 11111 0
 128 60. 0.02 2.3641 2147483647
 17 1     110 56.01300  -5.4470 LOCGROBQ
 20231207 220000   16.165 1 11111 0
 128 60. 0.02 2.3431 2147483647
 17 1     110 54.56200  -0.8640 LOFTROBQ
 20231207 220000  160.975 1 11111 0
 128 60. 0.02 2.3454 2147483647
 17 1     110 53.19600   5.7870 LWRDROBQ
 20231207 220000   31.221 1 11111 0
 128 60. 0.02 2.3653 2147483647
 17 1     110 41.89300  12.4930 M0SEROBQ
 20231207 220000   72.197 1 11111 0
 128 60. 0.02 2.3509 2147483647
 17 1     110 51.10500   5.7500 MAASROBQ
 20231207 220000   42.543 1 11111 0
 128 60. 0.02 2.3715 2147483647
 17 1     110 50.07400   5.7390 MABOROBQ
 20231207 220000  446.028 1 11111 0
 128 60. 0.02 2.2705 2147483647
 17 1     110 52.58800  -3.8520 MACYROBQ
 20231207 220000 -999.999 1 11111 0
 128 60. 0.02 2.3516 2147483647
 17 1     110 50.23700   5.2970 MAFAROBQ
 20231207 220000  240.336 1 11111 0
 128 60. 0.02 2.3266 2147483647
 17 1     110 51.30300   0.4830 MAISROBQ
 20231207 220000    9.015 1 11111 0
 128 60. 0.02 2.3921 2147483647
 17 1     110 53.51100  -2.2360 MANRROBQ
 20231207 220000   78.542 1 11111 0
 128 60. 0.02 2.3378 2147483647
 17 1     110 50.08900   4.5100 MARIROBQ
 20231207 220000  164.080 1 11111 0
 128 60. 0.02 2.3534 2147483647
 17 1     110 43.27800   5.3530 MARSROBQ
 20231207 220000   12.269 1 11111 0
 128 60. 0.02 2.4646 2147483647
 17 1     110 51.39100   1.3820 MARTROBQ
 20231207 220000   13.416 1 11111 0
 128 60. 0.02 2.4190 2147483647
 17 1     110 51.00300   4.4700 MECHROBQ
 20231207 220000   22.882 1 11111 0
 128 60. 0.02 2.3989 2147483647
 17 1     110 44.51900  11.6460 MEDIROBQ
 20231207 220000   10.158 1 11111 0
 128 60. 0.02 2.3661 2147483647
 17 1     110 49.62400   5.4440 MEIXROBQ
 20231207 220000  322.090 1 11111 0
 128 60. 0.02 2.3034 2147483647
 17 1     110 50.78000   3.1000 MENEROBQ
 20231207 220000   17.911 1 11111 0
 128 60. 0.02 2.4173 2147483647
 17 1     110 60.21700  24.3950 METSROBQ
 20231207 220000   75.856 1 11111 0
 128 60. 0.02 2.3608 2147483647
 17 1     110 50.54000   5.1920 MOHAROBQ
 20231207 220000  134.381 1 11111 0
 128 60. 0.02 2.3642 2147483647
 17 1     110 51.18200   5.1170 MOL1ROBQ
 20231207 220000   38.433 1 11111 0
 128 60. 0.02 2.3859 2147483647
 17 1     110 50.84400   5.7020 MSTRROBQ
 20231207 220000   69.142 1 11111 0
 128 60. 0.02 2.3839 2147483647
 17 1     110 50.46900   4.8600 NAMRROBQ
 20231207 220000  113.048 1 11111 0
 128 60. 0.02 2.3655 2147483647
 17 1     110 54.97900  -1.6170 NCASROBQ
 20231207 220000   75.778 1 11111 0
 128 60. 0.02 2.3742 2147483647
 17 1     110 52.26600   0.4150 NEWRROBQ
 20231207 220000   29.542 1 11111 0
 128 60. 0.02 2.3926 2147483647
 17 1     110 35.14100  33.3960 NICOROBQ
 20231207 220000  161.998 1 11111 0
 128 60. 0.02 2.4029 2147483647
 17 1     110 51.14100   4.1500 NIKLROBQ
 20231207 220000   33.771 1 11111 0
 128 60. 0.02 2.3887 2147483647
 17 1     110 50.58500   4.3040 NIVLROBQ
 20231207 220000  140.458 1 11111 0
 128 60. 0.02 2.3637 2147483647
 17 1     110 56.45100  -5.4410 OBANROBQ
 20231207 220000   18.841 1 11111 0
 128 60. 0.02 2.3459 2147483647
 17 1     110 48.08400  11.2770 OBE4ROBQ
 20231207 220000  604.353 1 11111 0
 128 60. 0.02 2.1665 2147483647
 17 1     110 52.30900   6.8940 OLDEROBQ
 20231207 220000   38.965 1 11111 0
 128 60. 0.02 2.3546 2147483647
 17 1     110 50.67700   4.6270 OLLNROBQ
 20231207 220000  143.384 1 11111 0
 128 60. 0.02 2.3569 2147483647
 17 1     110 50.24500   4.8450 ONHAROBQ
 20231207 220000  246.591 1 11111 0
 128 60. 0.02 2.3319 2147483647
 17 1     110 57.39500  11.9250 ONSAROBQ
 20231207 220000    9.989 1 11111 0
 128 60. 0.02 2.3593 2147483647
 17 1     110 50.67800   3.8020 OSTIROBQ
 20231207 220000   45.156 1 11111 0
 128 60. 0.02 2.3854 2147483647
 17 1     110 50.85000   3.6170 OUDEROBQ
 20231207 220000   17.746 1 11111 0
 128 60. 0.02 2.4020 2147483647
 17 1     110 51.82300  -1.2890 OXFRROBQ
 20231207 220000   71.687 1 11111 0
 128 60. 0.02 2.3515 2147483647
 17 1     110 50.54100  -4.9370 PADTROBQ
 20231207 220000   11.806 1 11111 0
 128 60. 0.02 2.3565 2147483647
 17 1     110 50.52100  -2.4580 PBILROBQ
 20231207 220000   58.252 1 11111 0
 128 60. 0.02 2.3408 2147483647
 17 1     110 52.58300  -0.2640 PETEROBQ
 20231207 220000   25.682 1 11111 0
 128 60. 0.02 2.3824 2147483647
 17 1     110 50.41600  -4.1270 PMTHROBQ
 20231207 220000  122.804 1 11111 0
 128 60. 0.02 2.3293 2147483647
 17 1     110 50.77500  -1.9110 POOLROBQ
 20231207 220000   20.909 1 11111 0
 128 60. 0.02 2.3542 2147483647
 17 1     110 52.37900  13.0660 POTSROBQ
 20231207 220000  104.096 1 11111 0
 128 60. 0.02 2.3344 2147483647
 17 1     110 50.20200  -3.7210 PRAEROBQ
 20231207 220000   60.396 1 11111 0
 128 60. 0.02 2.3506 2147483647
 17 1     110 51.71900  -0.8290 PRISROBQ
 20231207 220000 -999.999 1 11111 0
 128 60. 0.02 2.3290 2147483647
 17 1     110 54.81000   8.2900 RANTROBQ
 20231207 220000    6.594 1 11111 0
 128 60. 0.02 2.3739 2147483647
 17 1     110 51.95200   4.5590 RDAMROBQ
 20231207 220000   39.136 1 11111 0
 128 60. 0.02 2.3790 2147483647
 17 1     110 51.44800   4.2300 RIL2ROBQ
 20231207 220000   24.368 1 11111 0
 128 60. 0.02 2.4002 2147483647
 17 1     110 51.17400   5.9990 ROE2ROBQ
 20231207 220000 -999.999 1 11111 0
 128 60. 0.02 2.3620 2147483647
 17 1     110 51.08800   3.3410 RUISROBQ
 20231207 220000 -999.999 1 11111 0
 128 60. 0.02 2.3982 2147483647
 17 1     110 55.89800  -2.1290 SABSROBQ
 20231207 220000 -999.999 1 11111 0
 128 60. 0.02 2.3993 2147483647
 17 1     110 50.65000  -1.2130 SANOROBQ
 20231207 220000   44.621 1 11111 0
 128 60. 0.02 2.3524 2147483647
 17 1     110 51.22900   3.8090 SASGROBQ
 20231207 220000   24.644 1 11111 0
 128 60. 0.02 2.4039 2147483647
 17 1     110 47.80300  13.1100 SBG2ROBQ
 20231207 220000 1277.633 1 11111 0
 128 60. 0.02 1.9880 2147483647
 17 1     110 54.25200  -0.3800 SCAUROBQ
 20231207 220000 -999.999 1 11111 0
 128 60. 0.02 2.3702 2147483647
 17 1     110 53.47700   6.1620 SCHIROBQ
 20231207 220000   10.297 1 11111 0
 128 60. 0.02 2.3754 2147483647
 17 1     110 49.91400  -6.2960 SCILROBQ
 20231207 220000   31.165 1 11111 0
 128 60. 0.02 2.3538 2147483647
 17 1     110 43.39500  -1.6820 SCOAROBQ
 20231207 220000   10.053 1 11111 0
 128 60. 0.02 2.4555 2147483647
 17 1     110 51.74800   3.8260 SDYKROBQ
 20231207 220000   14.676 1 11111 0
 128 60. 0.02 2.3917 2147483647
 17 1     110 54.50100  -2.6860 SHAPROBQ
 20231207 220000 -999.999 1 11111 0
 128 60. 0.02 2.2768 2147483647
 17 1     110 52.24200  -2.8860 SHODROBQ
 20231207 220000 -999.999 1 11111 0
 128 60. 0.02 2.3257 2147483647
 17 1     110 51.55400   0.8270 SHOEROBQ
 20231207 220000    3.749 1 11111 0
 128 60. 0.02 2.4062 2147483647
 17 1     110 52.71700  -2.7170 SHREROBQ
 20231207 220000   58.231 1 11111 0
 128 60. 0.02 2.3400 2147483647
 17 1     110 53.14100   0.3460 SKEEROBQ
 20231207 220000   12.680 1 11111 0
 128 60. 0.02 2.4139 2147483647
 17 1     110 52.18500  -0.1130 SNEOROBQ
 20231207 220000   74.042 1 11111 0
 128 60. 0.02 2.3695 2147483647
 17 1     110 50.93700  -1.4710 SOTNROBQ
 20231207 220000   26.814 1 11111 0
 128 60. 0.02 2.3535 2147483647
 17 1     110 54.49000  -3.6070 STBEROBQ
 20231207 220000   12.187 1 11111 0
 128 60. 0.02 2.3578 2147483647
 17 1     110 51.90100  -0.1790 STEEROBQ
 20231207 220000  112.068 1 11111 0
 128 60. 0.02 2.3465 2147483647
 17 1     110 52.87900  -2.1900 STONROBQ
 20231207 220000 -999.999 1 11111 0
 128 60. 0.02 2.3347 2147483647
 17 1     110 58.20300  -6.3760 STORROBQ
 20231207 220000    7.077 1 11111 0
 128 60. 0.02 2.3714 2147483647
 17 1     110 51.54400   0.0090 STRAROBQ
 20231207 220000   34.537 1 11111 0
 128 60. 0.02 2.3771 2147483647
 17 1     110 54.86600  -4.7130 STRNROBQ
 20231207 220000  108.831 1 11111 0
 128 60. 0.02 2.3298 2147483647
 17 1     110 51.73900  -2.3010 STRUROBQ
 20231207 220000   26.398 1 11111 0
 128 60. 0.02 2.3535 2147483647
 17 1     110 53.73600  -0.5060 SWANROBQ
 20231207 220000  102.083 1 11111 0
 128 60. 0.02 2.3700 2147483647
 17 1     110 51.56500  -3.9820 SWASROBQ
 20231207 220000   36.956 1 11111 0
 128 60. 0.02 2.3476 2147483647
 17 1     110 52.87900   7.0980 TAPLROBQ
 20231207 220000   20.504 1 11111 0
 128 60. 0.02 2.3641 2147483647
 17 1     110 51.02200  -3.0790 TAUOROBQ
 20231207 220000 -999.999 1 11111 0
 128 60. 0.02 2.3465 2147483647
 17 1     110 51.42500  -0.3440 TEDDROBQ
 20231207 220000   23.761 1 11111 0
 128 60. 0.02 2.3721 2147483647
 17 1     110 50.05100   5.2090 TELLROBQ
 20231207 220000  404.590 1 11111 0
 128 60. 0.02 2.2856 2147483647
 17 1     110 53.36200   5.2190 TERSROBQ
 20231207 220000   14.374 1 11111 0
 128 60. 0.02 2.3678 2147483647
 17 1     110 50.77000   5.4770 TGRNROBQ
 20231207 220000  101.208 1 11111 0
 128 60. 0.02 2.3745 2147483647
 17 1     110 50.58200   5.5660 TILMROBQ
 20231207 220000  255.752 1 11111 0
 128 60. 0.02 2.3249 2147483647
 17 1     110 56.50000  -6.8810 TIREROBQ
 20231207 220000   13.363 1 11111 0
 128 60. 0.02 2.3374 2147483647
 17 1     110 51.03500   6.4310 TIT2ROBQ
 20231207 220000  110.305 1 11111 0
 128 60. 0.02 2.3340 2147483647
 17 1     110 43.56000   1.4800 TLSEROBQ
 20231207 220000  158.790 1 11111 0
 128 60. 0.02 2.4275 2147483647
 17 1     110 51.31200   4.9490 TURNROBQ
 20231207 220000   36.625 1 11111 0
 128 60. 0.02 2.3891 2147483647
 17 1     110 53.04100   4.8510 TXE2ROBQ
 20231207 220000    8.972 1 11111 0
 128 60. 0.02 2.3732 2147483647
 17 1     110 57.90500  -5.1670 ULLOROBQ
 20231207 220000   24.269 1 11111 0
 128 60. 0.02 2.3636 2147483647
 17 1     110 52.06200   5.0930 UTR2ROBQ
 20231207 220000   18.718 1 11111 0
 128 60. 0.02 2.3658 2147483647
 17 1     110 51.07000   2.6670 VEURROBQ
 20231207 220000   15.092 1 11111 0
 128 60. 0.02 2.4261 2147483647
 17 1     110 47.29400   1.7190 VFCHROBQ
 20231207 220000  106.653 1 11111 0
 128 60. 0.02 2.4129 2147483647
 17 1     110 50.31600   6.0850 VITHROBQ
 20231207 220000  559.281 1 11111 0
 128 60. 0.02 2.2430 2147483647
 17 1     110 53.29600   5.0910 VLIEROBQ
 20231207 220000   11.589 1 11111 0
 128 60. 0.02 2.3668 2147483647
 17 1     110 51.44200   3.5970 VLISROBQ
 20231207 220000    9.838 1 11111 0
 128 60. 0.02 2.4007 2147483647
 17 1     110 50.75700   5.7100 VOERROBQ
 20231207 220000   72.545 1 11111 0
 128 60. 0.02 2.3808 2147483647
 17 1     110 50.68900   5.2450 WAREROBQ
 20231207 220000  142.117 1 11111 0
 128 60. 0.02 2.3532 2147483647
 17 1     110 52.69500   4.7350 WARMROBQ
 20231207 220000 -999.999 1 11111 0
 128 60. 0.02 2.3811 2147483647
 17 1     110 54.16900  12.1010 WARNROBQ
 20231207 220000   12.237 1 11111 0
 128 60. 0.02 2.3737 2147483647
 17 1     110 51.20400  -2.1820 WARRROBQ
 20231207 220000  129.026 1 11111 0
 128 60. 0.02 2.3171 2147483647
 17 1     110 51.10100   0.0070 WEIWROBQ
 20231207 220000   70.309 1 11111 0
 128 60. 0.02 2.3682 2147483647
 17 1     110 52.30700  -0.6250 WELLROBQ
 20231207 220000   49.863 1 11111 0
 128 60. 0.02 2.3642 2147483647
 17 1     110 50.38200   5.6760 WERBROBQ
 20231207 220000  442.795 1 11111 0
 128 60. 0.02 2.2615 2147483647
 17 1     110 52.94400   1.1300 WEYBROBQ
 20231207 220000   28.974 1 11111 0
 128 60. 0.02 2.4200 2147483647
 17 1     110 51.68200   4.3970 WIL2ROBQ
 20231207 220000    9.737 1 11111 0
 128 60. 0.02 2.4033 2147483647
 17 1     110 49.14400  12.8780 WTZRROBQ
 20231207 220000  619.247 1 11111 0
 128 60. 0.02 2.1651 2147483647
 17 1     110 54.16200  -1.1010 YEALROBQ
 20231207 220000 -999.999 1 11111 0
 128 60. 0.02 2.3384 2147483647
 17 1     110 40.52400  -3.0890 YEBEROBQ
 20231207 220000  920.359 1 11111 0
 128 60. 0.02 2.1707 2147483647
 17 1     110 51.33500   3.2080 ZEEBROBQ
 20231207 220000   15.572 1 11111 0
 128 60. 0.02 2.3982 2147483647
 17 1     110 51.19200   3.8050 ZELZROBQ
 20231207 220000   18.911 1 11111 0
 128 60. 0.02 2.4002 2147483647
 17 1     110 46.87700   7.4650 ZIM2ROBQ
 20231207 220000  906.889 1 11111 0
 128 60. 0.02 2.1389 2147483647
 17 1     110 50.82300   3.3450 ZWEVROBQ
 20231207 220000   31.390 1 11111 0
 128 60. 0.02 2.4030 2147483647
 17 1     110 52.50200   6.0930 ZWO2ROBQ
 20231207 220000   22.661 1 11111 0
 128 60. 0.02 2.3584 2147483647
