 'ACNSIGER' 41.7 -6.35 814.6 2.2698 -6.9499504661952e-05 1 0 1 0
 'ACORIGER' 43.36 -8.4 14.8 2.5119 0.019653529630935 1 0 1 0
 'ACORMTRS' 43.36 -8.4 14.8 2.5165 0.0082316224967189 1 0 1 0
 'ALACIGER' 38.34 -0.48 12.9 2.4122 0.011359252931741 1 0 1 0
 'ALACMTRS' 38.34 -0.48 13 2.4476 0.0093921542746576 1 0 1 0
 'ALBAIGER' 38.98 -1.86 702.1 2.2385 0.019850245461591 1 0 1 0
 'ALBAMTRS' 38.98 -1.86 702.1 2.2335 0.017677745365639 1 0 1 0
 'ALBOIGER' 35.94 -3.04 14.6 2.43 0.0479920405004 1 0 1 0
 'ALC1IGER' 41.06 -0.15 347.3 2.3809 0.0082497717812617 1 0 1 0
 'ALM1IGER' 36.83 -2.48 4.3 2.4273 -0.0014509485570722 1 0 1 0
 'ALMEIGER' 36.85 -2.46 80.2 2.3986 -0.0020510011697374 1 0 1 0
 'ALMEMTRS' 36.85 -2.46 80.2 2.3902 0.016728428300001 1 0 1 0
 'ALMOIGER' 38.7 -4.18 689.7 2.2333 0.020572785027577 1 0 1 0
 'ALMZIGER' 41.5 -2.54 966 2.2114 0.0090073728370466 1 0 1 0
 'ALORIGER' 39.93 4.14 141.4 2.3941 -0.01982088952921 1 0 1 0
 'AND2IGER' 38.04 -4.03 233.2 2.3802 0.041504489326608 1 0 1 0
 'ARDUIGER' 41.66 -3.74 790.7 2.2794 0.031987213449198 1 0 1 0
 'AXPVIGER' 43.49 5.33 179.6 2.4087 -0.0061269160200843 1 0 1 0
 'BCL1IGER' 41.34 2.17 6.8 2.4715 0.021004142414331 1 0 1 0
 'BCLNIGER' 41.41 2 35.3 2.4575 0.010030850822937 1 0 1 0
 'BCLNMTRS' 41.41 2 35.3 2.5087 0.028096577096082 1 0 1 0
 'BEJRIGER' 40.4 -5.75 1039.2 2.19 0.043375933030984 1 0 1 0
 'BELLIGER' 41.6 1.4 803.6 2.2225 0.015101276762924 1 0 1 0
 'BELLMTRS' 41.6 1.4 803.7 2.2406 0.0163064403176 1 0 1 0
 'BLGUIGER' 42.96 -0.8 1597.6 2.0235 -0.0026963060713396 1 0 1 0
 'BORRMTRS' 39.91 -0.08 21.9 2.4738 0.015790948455755 1 0 1 0
 'BUITIGER' 41 -3.64 978.8 2.2015 0.038966262789643 1 0 1 0
 'CACEIGER' 39.48 -6.34 382.1 2.3351 0.030355690467525 1 0 1 0
 'CACEMTRS' 39.48 -6.34 382.1 2.3607 0.010876531423103 1 0 1 0
 'CANTIGER' 43.47 -3.8 52.3 2.5037 0.018269404326561 1 0 1 0
 'CANTMTRS' 43.47 -3.8 52.3 2.4656 0.010628062665599 1 0 1 0
 'CARGIGER' 37.6 -0.97 7.9 2.4111 0.011514197545441 1 0 1 0
 'CARGMTRS' 37.6 -0.97 7.9 2.4428 0.012639696310291 1 0 1 0
 'CARVIGER' 38.05 -1.97 850.7 2.19 0.01003391017674 1 0 1 0
 'CASCIGER' 38.69 -9.42 23.8 2.4601 0.051563938261539 1 0 1 0
 'CASCMTRS' 38.69 -9.42 23.8 2.4558 0.021481704886474 1 0 1 0
 'CBONIGER' 39.61 3.39 8.6 2.4285 0.0093189754823726 1 0 1 0
 'CEU1IGER' 35.89 -5.31 10.5 2.4284 0.0072481365444359 1 0 1 0
 'CEU1MTRS' 35.89 -5.31 10.6 2.4209 0.027877625247068 1 0 1 0
 'COBAIGER' 37.91 -4.72 151.3 2.3874 0.024896842683964 1 0 1 0
 'COBAMTRS' 37.91 -4.72 151.4 2.3791 0.023217951722995 1 0 1 0
 'CREUIGER' 42.32 3.31 83.9 2.3875 0.025202790803294 1 0 1 0
 'CREUMTRS' 42.32 3.31 83.9 2.4576 3.8260252810396e-06 1 0 1 0
 'CRNHIGER' 39.41 -9.14 69.3 2.4729 -0.0031922551028574 1 0 1 0
 'CUENIGER' 40.07 -2.14 945.3 2.1718 0.017099287597543 1 0 1 0
 'EBREMTRS' 40.82 0.49 57.7 2.4233 -0.0054954508016882 1 0 1 0
 'EDVDIGER' 40.91 -8.48 243.3 2.4365 -0.0038389677727619 1 0 1 0
 'EIVIIGER' 38.95 1.41 82.8 2.4092 -0.007735728170307 1 0 1 0
 'ESCOMTRS' 42.69 0.97 2455.3 1.8013 0.022810051951669 1 0 1 0
 'FORMIGER' 38.7 1.43 50.2 2.4121 -0.0079984186394886 1 0 1 0
 'FRAGIGER' 41.51 0.32 132.3 2.4425 0.038705392958557 1 0 1 0
 'FRRLIGER' 43.46 -8.34 56.8 2.4755 -0.0025842400807576 1 0 1 0
 'FUDEIGER' 43.15 -4.81 1848.7 1.9686 0.022349651995513 1 0 1 0
 'GAIAIGER' 41.11 -8.59 232 2.3264 0.035154194742493 1 0 1 0
 'GAIAMTRS' 41.11 -8.59 232 2.3702 -0.0089635386288136 1 0 1 0
 'GIROIGER' 42.04 2.85 62.4 2.4708 -0.014904909495803 1 0 1 0
 'GUDIIGER' 42.06 -7.12 1017.6 2.2197 -0.004786307830559 1 0 1 0
 'HUE1IGER' 37.13 -6.83 5.5 2.4128 0.032119755109307 1 0 1 0
 'HUELMTRS' 37.2 -6.92 30.2 2.3993 0.02495588926764 1 0 1 0
 'IBIZIGER' 38.91 1.45 10.5 2.4338 0.018193422709939 1 0 1 0
 'ICOLIGER' 39.9 0.68 45 2.3895 0.017552349952316 1 0 1 0
 'IGNEIGER' 40.45 -3.71 715.2 2.2745 0.0019611911262585 1 0 1 0
 'ISPSIGER' 43.35 -2.55 216.5 2.4565 0.0038308842032699 1 0 1 0
 'JACAIGER' 42.57 -0.73 687.2 2.2795 -0.01365330729412 1 0 1 0
 'LAGOIGER' 37.1 -8.67 9.9 2.518 0.036111517166706 1 0 1 0
 'LAGOMTRS' 37.1 -8.67 9.9 2.4231 0.025696835537167 1 0 1 0
 'LEONIGER' 42.59 -5.65 914.3 2.25 0.016692898990162 1 0 1 0
 'LLIVIGER' 42.48 1.97 1415.4 2.0074 0.011815449523118 1 0 1 0
 'LUGOIGER' 42.99 -7.54 420.1 2.388 0.0040464004942002 1 0 1 0
 'MAD1IGER' 40.41 -3.69 672.8 2.2825 0.02439680101931 1 0 1 0
 'MAL1IGER' 39.56 2.64 4.1 2.434 0.0084684859268176 1 0 1 0
 'MALAIGER' 36.73 -4.39 75 2.4068 0.038042378181681 1 0 1 0
 'MALAMTRS' 36.73 -4.39 75 2.4025 0.025664615902277 1 0 1 0
 'MALLIGER' 39.55 2.62 12.4 2.4239 0.0016830326687947 1 0 1 0
 'MALLMTRS' 39.55 2.62 12.4 2.4226 0.00039547581481969 1 0 1 0
 'MARSMTRS' 43.28 5.35 12.5 2.369 0.023788424892046 1 0 1 0
 'MARSROBQ' 43.28 5.35 12.3 2.4941 0.047119790642336 1 0 1 0
 'MELIIGER' 35.28 -2.95 39.6 2.356 0.029419686045937 1 0 1 0
 'MENCIGER' 40 3.83 18 2.4308 0.0011893196877542 1 0 1 0
 'MLLLIGER' 35.29 -2.93 4.9 2.4183 0.019156555687657 1 0 1 0
 'MOFRIGER' 37.12 -5.46 229.3 2.3728 0.0032025249662162 1 0 1 0
 'MOLIIGER' 40.84 -1.88 1066.5 2.1708 0.031283774812259 1 0 1 0
 'MOTAIGER' 39.5 -2.87 727.3 2.2335 0.014878437129223 1 0 1 0
 'ONORIGER' 40.61 -6.82 793.4 2.2638 0.027548018760557 1 0 1 0
 'ORUSIGER' 40.29 -3.22 811 2.2319 -0.0077952787745375 1 0 1 0
 'PENIIGER' 40.4 0.36 58 2.441 0.03380532157268 1 0 1 0
 'PNAVIGER' 40.78 -3.99 2182.1 1.8615 0.024874827546759 1 0 1 0
 'RIO1IGER' 42.46 -2.43 398.7 2.4028 0.028557063163829 1 0 1 0
 'RIO1MTRS' 42.46 -2.43 398.7 2.3949 0.020731564809806 1 0 1 0
 'ROAGIGER' 36.46 -6.21 38.6 2.4134 -0.00039563563065359 1 0 1 0
 'RODIIGER' 42.3 -7.59 976.8 2.2386 0.022888479266791 1 0 1 0
 'SALAIGER' 40.95 -5.5 799.4 2.2607 0.032303132040647 1 0 1 0
 'SALAMTRS' 40.95 -5.5 799.5 2.2688 0.057869387580491 1 0 1 0
 'SCOAIGER' 43.4 -1.68 9.9 2.4114 0.025295620317547 1 0 1 0
 'SCOAMTRS' 43.4 -1.68 9.9 2.4766 0.04522387680392 1 0 1 0
 'SCOAROBQ' 43.4 -1.68 10.1 2.5326 0.039608988844686 1 0 1 0
 'SEV1IGER' 37.41 -6 19.4 2.4326 0.032622711542125 1 0 1 0
 'SINEIGER' 39.65 3.02 138.6 2.3876 -0.016286892185128 1 0 1 0
 'SMDVIGER' 40.36 -4.38 617.7 2.2915 -0.00042653601699527 1 0 1 0
 'SNTGIGER' 42.88 -8.55 256.9 2.4155 -0.010032561924102 1 0 1 0
 'SONSIGER' 39.67 -3.96 758.5 2.215 0.026086983732315 1 0 1 0
 'SONSMTRS' 39.67 -3.96 758.5 2.2358 0.00081281722005677 1 0 1 0
 'SPABIGER' 39.55 -4.35 951.9 2.1511 -0.0068523147582038 1 0 1 0
 'TALRIGER' 39.03 -5.24 444.6 2.3109 0.018826219028366 1 0 1 0
 'TALVIGER' 39.95 -4.94 404.1 2.3407 0.034940657631083 1 0 1 0
 'TAR0IGER' 36.01 -5.6 8.1 2.426 0.010896017716723 1 0 1 0
 'TAR2IGER' 36.03 -5.61 58.4 2.4123 0.0038108900642801 1 0 1 0
 'TARRIGER' 41.66 1.17 441.8 2.3359 0.019561801000655 1 0 1 0
 'TERUIGER' 40.35 -1.12 903.6 2.2038 0.029611584905028 1 0 1 0
 'TLMFIGER' 43.57 1.38 172 2.3558 0.014756563299856 1 0 1 0
 'TLSEIGER' 43.56 1.48 159.1 2.45 -0.0053296085926968 1 0 1 0
 'TLSEMTRS' 43.56 1.48 159.1 2.434 0.018238363944836 1 0 1 0
 'TLSEROBQ' 43.56 1.48 158.8 2.4615 0.027517004288231 1 0 1 0
 'TLSGMTRS' 43.55 1.49 160.1 2.39 0.019578716179037 1 0 1 0
 'TLSGROBQ' 43.55 1.49 159.7 2.4643 0.029594127432056 1 0 1 0
 'TRAUIGER' 39.82 2.89 556.8 2.2594 -0.012266580899553 1 0 1 0
 'TRRGIGER' 41.08 1.21 5.5 2.4629 0.0052214994111091 1 0 1 0
 'TUD1IGER' 42.05 -1.6 290.3 2.424 0.0036940135559203 1 0 1 0
 'UTI1IGER' 39.56 -1.22 746.7 2.2089 -0.0074121930444 1 0 1 0
 'VALAIGER' 41.7 -4.71 712.2 2.2108 0.031787695955359 1 0 1 0
 'VALEIGER' 39.48 -0.34 29.9 2.4061 0.0039725237940456 1 0 1 0
 'VALEMTRS' 39.48 -0.34 29.9 2.4063 0.0041704997524494 1 0 1 0
 'VDGOIGER' 42.52 -4.01 852.4 2.2675 0.025374358047526 1 0 1 0
 'VEG1IGER' 43.47 -7.05 23.4 2.4884 -0.015376626851229 1 0 1 0
 'VICAIGER' 38.12 -3.08 800.9 2.2091 0.036090861541865 1 0 1 0
 'VIGOIGER' 42.18 -8.81 31.9 2.5337 0.035888842098821 1 0 1 0
 'VIGOMTRS' 42.18 -8.81 31.9 2.5118 0.016048483746784 1 0 1 0
 'VILHIGER' 38.75 -2.84 968.8 2.1587 -0.0019643753173675 1 0 1 0
 'VILLROBQ' 40.44 -3.95 595.4 2.2612 0.022256849818501 1 0 1 0
 'XIX1IGER' 43.56 -5.7 6 2.4984 -0.011883672739065 1 0 1 0
 'XIXOIGER' 43.57 -5.7 103.2 2.4626 0.010720320815421 1 0 1 0
 'YEB1IGER' 40.52 -3.09 923.4 2.2018 -0.0074288522099839 1 0 1 0
 'YEBEIGER' 40.52 -3.09 920.8 2.2069 0.022126367275651 1 0 1 0
 'YEBEMTRS' 40.52 -3.09 920.8 2.2199 0.035012120425568 1 0 1 0
 'YEBEROBQ' 40.52 -3.09 920.4 2.2246 0.039550206933887 1 0 1 0
 'ZARAIGER' 41.63 -0.88 249.3 2.4252 0.029812804791201 1 0 1 0
 'ZARAMTRS' 41.63 -0.88 249.3 2.444 0.0511551107686 1 0 1 0
 'ZFRAIGER' 38.43 -6.41 532 2.2759 -0.00080692125614945 1 0 1 0
