ACNSIGER   41.70   -6.35  814.63 17.0 0.0220 9.01 0.10
ACORIGER   43.36   -8.40   14.79 17.0 0.0220 9.01 0.10
ALACIGER   38.34   -0.48   12.95 17.0 0.0220 9.01 0.10
ALBAIGER   38.98   -1.86  702.11 17.0 0.0220 9.01 0.10
ALBOIGER   35.94   -3.04   14.62 17.0 0.0220 9.01 0.10
ALC1IGER   41.06   -0.15  347.32 17.0 0.0220 9.01 0.10
ALM1IGER   36.83   -2.48    4.28 17.0 0.0220 9.01 0.10
ALMEIGER   36.85   -2.46   80.17 17.0 0.0220 9.01 0.10
ALMOIGER   38.70   -4.18  689.72 17.0 0.0220 9.01 0.10
ALORIGER   39.93    4.14  141.41 17.0 0.0220 9.01 0.10
AND2IGER   38.04   -4.03  233.18 17.0 0.0220 9.01 0.10
ARDUIGER   41.66   -3.74  790.72 17.0 0.0220 9.01 0.10
AXPVIGER   43.49    5.33  179.55 17.0 0.0220 9.01 0.10
BADHIGER   50.23    8.61  213.04 17.0 0.0220 9.01 0.10
BCL1IGER   41.34    2.17    6.77 17.0 0.0220 9.01 0.10
BCLNIGER   41.41    2.00   35.28 17.0 0.0220 9.01 0.10
BEJRIGER   40.40   -5.75 1039.23 17.0 0.0220 9.01 0.10
BELLIGER   41.60    1.40  803.65 17.0 0.0220 9.01 0.10
BLGUIGER   42.96   -0.80 1597.59 17.0 0.0220 9.01 0.10
BUITIGER   41.00   -3.64  978.81 17.0 0.0220 9.01 0.10
CACEIGER   39.48   -6.34  382.07 17.0 0.0220 9.01 0.10
CANTIGER   43.47   -3.80   52.29 17.0 0.0220 9.01 0.10
CARGIGER   37.60   -0.97    7.93 17.0 0.0220 9.01 0.10
CARVIGER   38.05   -1.97  850.71 17.0 0.0220 9.01 0.10
CBONIGER   39.61    3.39    8.54 17.0 0.0220 9.01 0.10
CEU1IGER   35.89   -5.31   10.52 17.0 0.0220 9.01 0.10
COBAIGER   37.91   -4.72  151.36 17.0 0.0220 9.01 0.10
CUENIGER   40.07   -2.14  945.32 17.0 0.0220 9.01 0.10
EDVDIGER   40.91   -8.48  243.27 17.0 0.0220 9.01 0.10
EH02IGER   27.75  -18.10   47.96 17.0 0.0220 9.01 0.10
EH05IGER   27.71  -18.15  118.06 17.0 0.0220 9.01 0.10
EIVIIGER   38.95    1.41   82.78 17.0 0.0220 9.01 0.10
FORMIGER   38.70    1.43   50.23 17.0 0.0220 9.01 0.10
FRAGIGER   41.51    0.32  132.30 17.0 0.0220 9.01 0.10
FRRLIGER   43.46   -8.34   56.74 17.0 0.0220 9.01 0.10
FUDEIGER   43.15   -4.81 1848.66 17.0 0.0220 9.01 0.10
FUERIGER   28.50  -13.86   33.22 17.0 0.0220 9.01 0.10
GIROIGER   42.04    2.85   62.44 17.0 0.0220 9.01 0.10
GOM1IGER   28.09  -17.11    3.12 17.0 0.0220 9.01 0.10
GOMEIGER   28.10  -17.10   69.09 17.0 0.0220 9.01 0.10
GUDIIGER   42.06   -7.12 1017.64 17.0 0.0220 9.01 0.10
HI08IGER   27.71  -17.98  858.49 17.0 0.0220 9.01 0.10
HUE1IGER   37.13   -6.83    5.55 17.0 0.0220 9.01 0.10
IBIZIGER   38.91    1.45   10.54 17.0 0.0220 9.01 0.10
IGNEIGER   40.45   -3.71  715.18 17.0 0.0220 9.01 0.10
ISPSIGER   43.35   -2.55  216.53 17.0 0.0220 9.01 0.10
IZANIGER   28.31  -16.50 2367.24 17.0 0.0220 9.01 0.10
JACAIGER   42.57   -0.73  687.18 17.0 0.0220 9.01 0.10
LALAIGER   28.18  -14.15   18.97 17.0 0.0220 9.01 0.10
LEONIGER   42.59   -5.65  914.29 17.0 0.0220 9.01 0.10
LP01IGER   28.49  -17.85  634.79 17.0 0.0220 9.01 0.10
LP03IGER   28.58  -17.87  879.03 17.0 0.0220 9.01 0.10
LP04IGER   28.54  -17.87  769.80 17.0 0.0220 9.01 0.10
LP05IGER   28.66  -17.78  260.30 17.0 0.0220 9.01 0.10
LPALIGER   28.76  -17.89 2158.89 17.0 0.0220 9.01 0.10
LUGOIGER   42.99   -7.54  420.15 17.0 0.0220 9.01 0.10
LZ01IGER   29.22  -13.45    8.35 17.0 0.0220 9.01 0.10
LZ02IGER   28.97  -13.53   14.04 17.0 0.0220 9.01 0.10
MAD1IGER   40.41   -3.69  672.79 17.0 0.0220 9.01 0.10
MAL1IGER   39.56    2.64    4.11 17.0 0.0220 9.01 0.10
MALAIGER   36.73   -4.39   74.98 17.0 0.0220 9.01 0.10
MALLIGER   39.55    2.62   12.41 17.0 0.0220 9.01 0.10
MAS1IGER   27.76  -15.63  155.37 17.0 0.0220 9.01 0.10
MASPIGER   27.76  -15.63  157.03 17.0 0.0220 9.01 0.10
MELIIGER   35.28   -2.95   39.59 17.0 0.0220 9.01 0.10
MENCIGER   40.00    3.83   18.00 17.0 0.0220 9.01 0.10
MLLLIGER   35.29   -2.93    4.92 17.0 0.0220 9.01 0.10
MOFRIGER   37.12   -5.46  229.29 17.0 0.0220 9.01 0.10
MOLIIGER   40.84   -1.88 1066.47 17.0 0.0220 9.01 0.10
MOTAIGER   39.50   -2.87  727.27 17.0 0.0220 9.01 0.10
ONORIGER   40.61   -6.82  793.38 17.0 0.0220 9.01 0.10
ORUSIGER   40.29   -3.22  811.04 17.0 0.0220 9.01 0.10
PENIIGER   40.40    0.36   58.01 17.0 0.0220 9.01 0.10
PNAVIGER   40.78   -3.99 2182.12 17.0 0.0220 9.01 0.10
RIO1IGER   42.46   -2.43  398.70 17.0 0.0220 9.01 0.10
ROAGIGER   36.46   -6.21   38.59 17.0 0.0220 9.01 0.10
RODIIGER   42.30   -7.59  976.82 17.0 0.0220 9.01 0.10
SALAIGER   40.95   -5.50  799.44 17.0 0.0220 9.01 0.10
SEV1IGER   37.41   -6.00   19.36 17.0 0.0220 9.01 0.10
SINEIGER   39.65    3.02  138.56 17.0 0.0220 9.01 0.10
SNTGIGER   42.88   -8.55  256.95 17.0 0.0220 9.01 0.10
SONSIGER   39.67   -3.96  758.50 17.0 0.0220 9.01 0.10
TALRIGER   39.03   -5.24  444.63 17.0 0.0220 9.01 0.10
TAR2IGER   36.03   -5.61   58.38 17.0 0.0220 9.01 0.10
TARRIGER   41.66    1.17  441.77 17.0 0.0220 9.01 0.10
TERUIGER   40.35   -1.12  903.59 17.0 0.0220 9.01 0.10
TLSEIGER   43.56    1.48  159.12 17.0 0.0220 9.01 0.10
TN02IGER   28.42  -16.55    4.96 17.0 0.0220 9.01 0.10
TN04IGER   28.16  -16.64 1418.20 17.0 0.0220 9.01 0.10
TN06IGER   28.33  -16.80 1003.56 17.0 0.0220 9.01 0.10
TN07IGER   28.22  -16.61 2241.71 17.0 0.0220 9.01 0.10
TN09IGER   28.31  -16.66 1531.58 17.0 0.0220 9.01 0.10
TN10IGER   28.25  -16.72 1820.52 17.0 0.0220 9.01 0.10
TRAUIGER   39.82    2.89  556.75 17.0 0.0220 9.01 0.10
TRRGIGER   41.08    1.21    5.47 17.0 0.0220 9.01 0.10
TUD1IGER   42.05   -1.60  290.27 17.0 0.0220 9.01 0.10
ULP2IGER   28.07  -15.46  332.90 17.0 0.0220 9.01 0.10
UTI1IGER   39.56   -1.22  746.74 17.0 0.0220 9.01 0.10
VALEIGER   39.48   -0.34   29.92 17.0 0.0220 9.01 0.10
VDGOIGER   42.52   -4.01  852.35 17.0 0.0220 9.01 0.10
VEG1IGER   43.47   -7.05   23.37 17.0 0.0220 9.01 0.10
VICAIGER   38.12   -3.08  800.86 17.0 0.0220 9.01 0.10
VIGOIGER   42.18   -8.81   31.93 17.0 0.0220 9.01 0.10
VILHIGER   38.75   -2.84  968.83 17.0 0.0220 9.01 0.10
XIX1IGER   43.56   -5.70    6.02 17.0 0.0220 9.01 0.10
XIXOIGER   43.57   -5.70  103.22 17.0 0.0220 9.01 0.10
YEB1IGER   40.52   -3.09  923.39 17.0 0.0220 9.01 0.10
YEBEIGER   40.52   -3.09  920.80 17.0 0.0220 9.01 0.10
ZARAIGER   41.63   -0.88  249.30 17.0 0.0220 9.01 0.10
ZFRAIGER   38.43   -6.41  532.05 17.0 0.0220 9.01 0.10
ZIMMIGER   46.88    7.46  907.51 17.0 0.0220 9.01 0.10
ACORMTRS   43.36   -8.40   14.78 17.0 0.0220 9.01 0.10
ADARMTRS   52.79   -4.74   94.34 17.0 0.0220 9.01 0.10
ALACMTRS   38.34   -0.48   12.96 17.0 0.0220 9.01 0.10
ALDBMTRS   52.15    1.60   12.12 17.0 0.0220 9.01 0.10
ALMEMTRS   36.85   -2.46   80.17 17.0 0.0220 9.01 0.10
AMERMTRS   51.68   -0.56   87.41 17.0 0.0220 9.01 0.10
ANLXMTRS   51.69   -5.08   19.86 17.0 0.0220 9.01 0.10
APPLMTRS   51.06   -4.20   15.49 17.0 0.0220 9.01 0.10
ARDLMTRS   51.91    0.96   46.15 17.0 0.0220 9.01 0.10
ARISMTRS   56.91   -5.85    6.05 17.0 0.0220 9.01 0.10
ATTLMTRS   52.52    0.99   36.10 17.0 0.0220 9.01 0.10
BCLNMTRS   41.41    2.00   35.29 17.0 0.0220 9.01 0.10
BELLMTRS   41.60    1.40  803.66 17.0 0.0220 9.01 0.10
BENBMTRS   57.47   -7.37    9.72 17.0 0.0220 9.01 0.10
BLAPMTRS   53.78   -3.04   13.49 17.0 0.0220 9.01 0.10
BORJMTRS   53.58    6.67   12.95 17.0 0.0220 9.01 0.10
BORRMTRS   39.91   -0.08   21.95 17.0 0.0220 9.01 0.10
BRAEMTRS   57.01   -3.40  347.91 17.0 0.0220 9.01 0.10
BRECMTRS   51.95   -3.38  189.59 17.0 0.0220 9.01 0.10
BRMFMTRS   45.73    4.94  207.25 17.0 0.0220 9.01 0.10
BRMGMTRS   47.91    7.63  212.42 17.0 0.0220 9.01 0.10
BUCIMTRS   51.99   -1.02  108.61 17.0 0.0220 9.01 0.10
BUCKMTRS   57.68   -2.96   31.13 17.0 0.0220 9.01 0.10
BUXTMTRS   53.23   -1.92  391.84 17.0 0.0220 9.01 0.10
CAMTMTRS   55.42   -5.60   11.19 17.0 0.0220 9.01 0.10
CANTMTRS   43.47   -3.80   52.29 17.0 0.0220 9.01 0.10
CARGMTRS   37.60   -0.97    7.93 17.0 0.0220 9.01 0.10
CARIMTRS   51.53   -3.11   41.71 17.0 0.0220 9.01 0.10
CARLMTRS   54.90   -2.94   40.65 17.0 0.0220 9.01 0.10
CASCMTRS   38.69   -9.42   23.81 17.0 0.0220 9.01 0.10
CATEMTRS   54.37   -1.73  163.65 17.0 0.0220 9.01 0.10
CBW1MTRS   51.97    4.93    2.13 17.0 0.0220 9.01 0.10
CEU1MTRS   35.89   -5.31   10.56 17.0 0.0220 9.01 0.10
CHIOMTRS   51.15   -1.44   81.77 17.0 0.0220 9.01 0.10
CLAWMTRS   52.36   -1.33  110.31 17.0 0.0220 9.01 0.10
COBAMTRS   37.91   -4.72  151.36 17.0 0.0220 9.01 0.10
CREUMTRS   42.32    3.31   83.91 17.0 0.0220 9.01 0.10
DENTMTRS   50.93    3.40   19.81 17.0 0.0220 9.01 0.10
DLF1MTRS   51.99    4.39   32.33 17.0 0.0220 9.01 0.10
DOURMTRS   50.09    4.59  237.15 17.0 0.0220 9.01 0.10
DROWMTRS   52.25   -2.20   37.06 17.0 0.0220 9.01 0.10
DRUMMTRS   55.63   -3.74  248.39 17.0 0.0220 9.01 0.10
EASNMTRS   53.65    0.12    6.53 17.0 0.0220 9.01 0.10
EBREMTRS   40.82    0.49   57.74 17.0 0.0220 9.01 0.10
EDIBMTRS   55.93   -3.35   60.59 17.0 0.0220 9.01 0.10
EIJSMTRS   50.76    5.68   57.46 17.0 0.0220 9.01 0.10
ESCOMTRS   42.69    0.97 2455.31 17.0 0.0220 9.01 0.10
EXMOMTRS   50.61   -3.41   14.13 17.0 0.0220 9.01 0.10
FFMJMTRS   50.09    8.66  130.11 17.0 0.0220 9.01 0.10
FRARMTRS   57.69   -2.00   11.27 17.0 0.0220 9.01 0.10
FUNCMTRS   32.65  -16.91   30.65 17.0 0.0220 9.01 0.10
GIGGMTRS   54.08   -2.31  232.21 17.0 0.0220 9.01 0.10
GLASMTRS   55.85   -4.30   17.13 17.0 0.0220 9.01 0.10
GOPEMTRS   49.91   14.79  547.56 17.0 0.0220 9.01 0.10
GORSMTRS   52.58    1.73    7.21 17.0 0.0220 9.01 0.10
GRAZMTRS   47.07   15.49  492.84 17.0 0.0220 9.01 0.10
HELSMTRS   58.12   -3.65   14.86 17.0 0.0220 9.01 0.10
HOOBMTRS   53.48   -1.38  136.73 17.0 0.0220 9.01 0.10
HUNGMTRS   51.40   -1.51  135.64 17.0 0.0220 9.01 0.10
IGEOMTRS   47.03   28.84   74.64 17.0 0.0220 9.01 0.10
IJMUMTRS   52.46    4.56   11.12 17.0 0.0220 9.01 0.10
INVRMTRS   57.49   -4.22   12.76 17.0 0.0220 9.01 0.10
JOENMTRS   62.39   30.10   96.44 17.0 0.0220 9.01 0.10
JOZ2MTRS   52.10   21.03  120.88 17.0 0.0220 9.01 0.10
KARLMTRS   49.01    8.41  134.78 17.0 0.0220 9.01 0.10
KELOMTRS   55.59   -2.44   41.27 17.0 0.0220 9.01 0.10
KEYWMTRS   52.88   -1.08   74.09 17.0 0.0220 9.01 0.10
KINLMTRS   58.46   -5.05    9.94 17.0 0.0220 9.01 0.10
KIRKMTRS   54.84   -4.05   12.73 17.0 0.0220 9.01 0.10
KIRWMTRS   58.95   -2.90   27.32 17.0 0.0220 9.01 0.10
KOS1MTRS   52.17    5.82   61.52 17.0 0.0220 9.01 0.10
KUREMTRS   58.26   22.51   21.80 17.0 0.0220 9.01 0.10
LAGOMTRS   37.10   -8.67    9.88 17.0 0.0220 9.01 0.10
LCARMTRS   57.42   -5.46   16.46 17.0 0.0220 9.01 0.10
LEEKMTRS   53.13   -1.98  301.90 17.0 0.0220 9.01 0.10
LIARMTRS   49.97   -5.19   47.34 17.0 0.0220 9.01 0.10
LICCMTRS   51.50   -0.17   42.59 17.0 0.0220 9.01 0.10
LINOMTRS   53.25   -0.52   56.39 17.0 0.0220 9.01 0.10
LOCGMTRS   56.01   -5.45   16.59 17.0 0.0220 9.01 0.10
LOFTMTRS   54.56   -0.86  161.36 17.0 0.0220 9.01 0.10
LPALMTRS   28.76  -17.89 2158.87 17.0 0.0220 9.01 0.10
MACYMTRS   52.59   -3.85   22.18 17.0 0.0220 9.01 0.10
MAISMTRS   51.30    0.48    9.06 17.0 0.0220 9.01 0.10
MANRMTRS   53.51   -2.24   78.77 17.0 0.0220 9.01 0.10
MAR6MTRS   60.59   17.26   50.92 17.0 0.0220 9.01 0.10
MARTMTRS   51.39    1.38   13.68 17.0 0.0220 9.01 0.10
MATEMTRS   40.65   16.70  490.16 17.0 0.0220 9.01 0.10
MOROMTRS   55.21   -1.69   95.39 17.0 0.0220 9.01 0.10
NCASMTRS   54.98   -1.62   75.98 17.0 0.0220 9.01 0.10
NEWRMTRS   52.27    0.41   29.74 17.0 0.0220 9.01 0.10
NWR1MTRS   52.39   -6.93  107.36 17.0 0.0220 9.01 0.10
NYA2MTRS   78.93   11.86   44.87 17.0 0.0220 9.01 0.10
OBANMTRS   56.45   -5.44   19.20 17.0 0.0220 9.01 0.10
ONSAMTRS   57.40   11.93   10.07 17.0 0.0220 9.01 0.10
ORIDMTRS   41.13   20.79  730.56 17.0 0.0220 9.01 0.10
OSLSMTRS   59.74   10.37  187.12 17.0 0.0220 9.01 0.10
OXFRMTRS   51.82   -1.29   71.86 17.0 0.0220 9.01 0.10
PADTMTRS   50.54   -4.94   11.97 17.0 0.0220 9.01 0.10
PAT0MTRS   38.28   21.79   93.27 17.0 0.0220 9.01 0.10
PBILMTRS   50.52   -2.46   58.40 17.0 0.0220 9.01 0.10
PDELMTRS   37.75  -25.66   54.60 17.0 0.0220 9.01 0.10
POOLMTRS   50.77   -1.91   21.00 17.0 0.0220 9.01 0.10
POTSMTRS   52.38   13.07  104.21 17.0 0.0220 9.01 0.10
PRISMTRS   51.72   -0.83  145.38 17.0 0.0220 9.01 0.10
REYKMTRS   64.14  -21.96   26.62 17.0 0.0220 9.01 0.10
RIGAMTRS   56.95   24.06   14.22 17.0 0.0220 9.01 0.10
RIO1MTRS   42.46   -2.43  398.71 17.0 0.0220 9.01 0.10
SANOMTRS   50.65   -1.21   44.83 17.0 0.0220 9.01 0.10
SCOAMTRS   43.40   -1.68    9.87 17.0 0.0220 9.01 0.10
SHODMTRS   52.24   -2.89  101.68 17.0 0.0220 9.01 0.10
SHOEMTRS   51.55    0.83    3.86 17.0 0.0220 9.01 0.10
SHREMTRS   52.72   -2.72   58.54 17.0 0.0220 9.01 0.10
SKE0MTRS   64.88   21.05   59.22 17.0 0.0220 9.01 0.10
SKEEMTRS   53.14    0.35   12.94 17.0 0.0220 9.01 0.10
SNEOMTRS   52.19   -0.11   74.36 17.0 0.0220 9.01 0.10
SOTNMTRS   50.94   -1.47   26.83 17.0 0.0220 9.01 0.10
SPT0MTRS   57.71   12.89  185.06 17.0 0.0220 9.01 0.10
SRJVMTRS   43.87   18.41  599.20 17.0 0.0220 9.01 0.10
STASMTRS   59.02    5.60   66.43 17.0 0.0220 9.01 0.10
STBEMTRS   54.49   -3.61   12.80 17.0 0.0220 9.01 0.10
STEEMTRS   51.90   -0.18  112.31 17.0 0.0220 9.01 0.10
STONMTRS   52.88   -2.19   99.55 17.0 0.0220 9.01 0.10
STORMTRS   58.20   -6.38    7.55 17.0 0.0220 9.01 0.10
STRAMTRS   51.54    0.01   34.61 17.0 0.0220 9.01 0.10
STRNMTRS   54.87   -4.71  109.28 17.0 0.0220 9.01 0.10
SULPMTRS   49.84   24.01  344.19 17.0 0.0220 9.01 0.10
SWASMTRS   51.56   -3.98   37.05 17.0 0.0220 9.01 0.10
TAUOMTRS   51.02   -3.08   20.14 17.0 0.0220 9.01 0.10
TEDDMTRS   51.42   -0.34   23.94 17.0 0.0220 9.01 0.10
TIT2MTRS   51.03    6.43  110.10 17.0 0.0220 9.01 0.10
TLSEMTRS   43.56    1.48  159.15 17.0 0.0220 9.01 0.10
TLSGMTRS   43.55    1.49  160.11 17.0 0.0220 9.01 0.10
TOILMTRS   59.42   27.54   60.42 17.0 0.0220 9.01 0.10
TRDSMTRS   63.37   10.32  283.22 17.0 0.0220 9.01 0.10
TRL2MTRS   52.29   -9.67   80.40 17.0 0.0220 9.01 0.10
ULLOMTRS   57.91   -5.17   24.50 17.0 0.0220 9.01 0.10
VFCHMTRS   47.29    1.72  106.56 17.0 0.0220 9.01 0.10
VLN1MTRS   51.94  -10.24   18.22 17.0 0.0220 9.01 0.10
WAREMTRS   50.69    5.25  142.16 17.0 0.0220 9.01 0.10
WARNMTRS   54.17   12.10   12.67 17.0 0.0220 9.01 0.10
WARRMTRS   51.20   -2.18  129.26 17.0 0.0220 9.01 0.10
WEIWMTRS   51.10    0.01   70.48 17.0 0.0220 9.01 0.10
WELLMTRS   52.31   -0.62   50.09 17.0 0.0220 9.01 0.10
WEYBMTRS   52.94    1.13   29.21 17.0 0.0220 9.01 0.10
WSRTMTRS   52.91    6.60   41.16 17.0 0.0220 9.01 0.10
YEALMTRS   54.16   -1.10  176.90 17.0 0.0220 9.01 0.10
ZIM2MTRS   46.88    7.46  907.63 17.0 0.0220 9.01 0.10
ZOUFMTRS   46.56   12.97 1898.32 17.0 0.0220 9.01 0.10
AARSROBQ   50.96    4.84   59.07 17.0 0.0220 9.01 0.10
ABEPROBQ   52.14   -4.57  133.73 17.0 0.0220 9.01 0.10
ADARROBQ   52.79   -4.74   93.66 17.0 0.0220 9.01 0.10
ADR2ROBQ   52.18    5.96   44.78 17.0 0.0220 9.01 0.10
AJACROBQ   41.93    8.76   50.09 17.0 0.0220 9.01 0.10
ALDBROBQ   52.15    1.60   11.90 17.0 0.0220 9.01 0.10
AMELROBQ   53.45    5.76 -1000.00 17.0 0.0220 9.01 0.10
AMERROBQ   51.68   -0.56   87.22 17.0 0.0220 9.01 0.10
AMSTROBQ   52.39    4.83   44.42 17.0 0.0220 9.01 0.10
APELROBQ   52.21    5.96   72.42 17.0 0.0220 9.01 0.10
APPLROBQ   51.06   -4.20   15.02 17.0 0.0220 9.01 0.10
ARDLROBQ   51.91    0.96   46.00 17.0 0.0220 9.01 0.10
ARISROBQ   56.91   -5.85    5.59 17.0 0.0220 9.01 0.10
ARLOROBQ   49.65    5.82  380.86 17.0 0.0220 9.01 0.10
ARNHROBQ   51.95    5.87   32.70 17.0 0.0220 9.01 0.10
ASS2ROBQ   52.98    6.56   27.91 17.0 0.0220 9.01 0.10
ATTLROBQ   52.52    0.99   35.82 17.0 0.0220 9.01 0.10
BATTROBQ   50.64    5.83  276.02 17.0 0.0220 9.01 0.10
BENBROBQ   57.47   -7.37    9.41 17.0 0.0220 9.01 0.10
BERLROBQ   50.70    5.19  139.37 17.0 0.0220 9.01 0.10
BERTROBQ   50.86    4.61   55.42 17.0 0.0220 9.01 0.10
BEZAROBQ   51.31    4.32   21.25 17.0 0.0220 9.01 0.10
BIAXROBQ   52.45   -1.75 -1000.00 17.0 0.0220 9.01 0.10
BLAPROBQ   53.78   -3.04   13.15 17.0 0.0220 9.01 0.10
BLIGROBQ   51.69    2.82   45.90 17.0 0.0220 9.01 0.10
BORJROBQ   53.58    6.67   12.61 17.0 0.0220 9.01 0.10
BOXMROBQ   51.64    5.98   25.53 17.0 0.0220 9.01 0.10
BRAEROBQ   57.01   -3.40  347.82 17.0 0.0220 9.01 0.10
BRCTROBQ   51.35    4.63   33.27 17.0 0.0220 9.01 0.10
BRD2ROBQ   51.56    4.75   11.26 17.0 0.0220 9.01 0.10
BRECROBQ   51.95   -3.38  189.09 17.0 0.0220 9.01 0.10
BRGGROBQ   51.19    3.20   24.75 17.0 0.0220 9.01 0.10
BRMFROBQ   45.73    4.94  206.92 17.0 0.0220 9.01 0.10
BRMGROBQ   47.91    7.63 -1000.00 17.0 0.0220 9.01 0.10
BRSTROBQ   48.38   -4.50   16.29 17.0 0.0220 9.01 0.10
BRUXROBQ   50.80    4.36  113.11 17.0 0.0220 9.01 0.10
BSCNROBQ   47.25    5.99  310.24 17.0 0.0220 9.01 0.10
BUCIROBQ   51.99   -1.02 -1000.00 17.0 0.0220 9.01 0.10
BUCKROBQ   57.68   -2.96   30.86 17.0 0.0220 9.01 0.10
BUXTROBQ   53.23   -1.92  391.12 17.0 0.0220 9.01 0.10
CAMOROBQ   50.22   -5.33   88.06 17.0 0.0220 9.01 0.10
CAMTROBQ   55.42   -5.60 -1000.00 17.0 0.0220 9.01 0.10
CARIROBQ   51.53   -3.11   41.65 17.0 0.0220 9.01 0.10
CARLROBQ   54.90   -2.94   40.57 17.0 0.0220 9.01 0.10
CBW1ROBQ   51.97    4.93 -1000.00 17.0 0.0220 9.01 0.10
CHIOROBQ   51.15   -1.44   81.62 17.0 0.0220 9.01 0.10
CLAWROBQ   52.36   -1.33  110.04 17.0 0.0220 9.01 0.10
CREWROBQ   53.10   -2.40 -1000.00 17.0 0.0220 9.01 0.10
DELFROBQ   51.99    4.39   30.66 17.0 0.0220 9.01 0.10
DENTROBQ   50.93    3.40   20.02 17.0 0.0220 9.01 0.10
DLF1ROBQ   51.99    4.39   32.06 17.0 0.0220 9.01 0.10
DOURROBQ   50.09    4.59  237.18 17.0 0.0220 9.01 0.10
DROWROBQ   52.25   -2.20   36.94 17.0 0.0220 9.01 0.10
DRUMROBQ   55.63   -3.74  248.06 17.0 0.0220 9.01 0.10
DUNGROBQ   50.93    0.98   11.07 17.0 0.0220 9.01 0.10
DZYLROBQ   53.32    6.94   15.63 17.0 0.0220 9.01 0.10
EASNROBQ   53.65    0.12    6.23 17.0 0.0220 9.01 0.10
EBRGROBQ   52.07    6.66   30.47 17.0 0.0220 9.01 0.10
EDIBROBQ   55.93   -3.35 -1000.00 17.0 0.0220 9.01 0.10
EEKLROBQ   51.19    3.56   25.26 17.0 0.0220 9.01 0.10
EHVNROBQ   51.43    5.46   40.85 17.0 0.0220 9.01 0.10
EIJSROBQ   50.76    5.68   57.56 17.0 0.0220 9.01 0.10
ERPEROBQ   50.92    3.97   36.74 17.0 0.0220 9.01 0.10
ESKDROBQ   55.31   -3.21  243.49 17.0 0.0220 9.01 0.10
EXMOROBQ   50.61   -3.41   14.00 17.0 0.0220 9.01 0.10
FAUGROBQ   57.13   -4.69   44.20 17.0 0.0220 9.01 0.10
FFMJROBQ   50.09    8.66  130.18 17.0 0.0220 9.01 0.10
FOVAROBQ   50.32    4.22  126.48 17.0 0.0220 9.01 0.10
FRARROBQ   57.69   -2.00   11.05 17.0 0.0220 9.01 0.10
GAYDROBQ   52.20   -1.48 -1000.00 17.0 0.0220 9.01 0.10
GBGNROBQ   50.77    3.87   40.87 17.0 0.0220 9.01 0.10
GENTROBQ   51.01    3.71   15.32 17.0 0.0220 9.01 0.10
GHISROBQ   50.45    3.88   34.58 17.0 0.0220 9.01 0.10
GIGGROBQ   54.08   -2.31  231.92 17.0 0.0220 9.01 0.10
GIRAROBQ   55.24   -4.86    9.65 17.0 0.0220 9.01 0.10
GLASROBQ   55.85   -4.30   16.96 17.0 0.0220 9.01 0.10
GOPEROBQ   49.91   14.79  547.70 17.0 0.0220 9.01 0.10
GORSROBQ   52.58    1.73    6.94 17.0 0.0220 9.01 0.10
GRACROBQ   43.75    6.92 1268.89 17.0 0.0220 9.01 0.10
GRASROBQ   43.75    6.92 1268.27 17.0 0.0220 9.01 0.10
GRAZROBQ   47.07   15.49  492.79 17.0 0.0220 9.01 0.10
HARDROBQ   50.95   -0.53   20.10 17.0 0.0220 9.01 0.10
HELGROBQ   54.17    7.89    9.00 17.0 0.0220 9.01 0.10
HEREROBQ   51.19    4.84   28.81 17.0 0.0220 9.01 0.10
HEROROBQ   50.87    0.34   26.95 17.0 0.0220 9.01 0.10
HERSROBQ   50.87    0.34   31.37 17.0 0.0220 9.01 0.10
HERTROBQ   50.87    0.33   38.16 17.0 0.0220 9.01 0.10
HOEGROBQ   50.78    4.90   51.72 17.0 0.0220 9.01 0.10
HOFNROBQ   64.27  -15.20   17.70 17.0 0.0220 9.01 0.10
HOLYROBQ   53.32   -4.64   12.63 17.0 0.0220 9.01 0.10
HOOBROBQ   53.48   -1.38  136.62 17.0 0.0220 9.01 0.10
HOOGROBQ   52.75    6.57   17.18 17.0 0.0220 9.01 0.10
HOUTROBQ   51.02    5.37   57.70 17.0 0.0220 9.01 0.10
HUNGROBQ   51.40   -1.51  135.33 17.0 0.0220 9.01 0.10
IEPEROBQ   50.85    2.86   30.32 17.0 0.0220 9.01 0.10
IJMUROBQ   52.46    4.56   10.88 17.0 0.0220 9.01 0.10
INVRROBQ   57.49   -4.22   12.64 17.0 0.0220 9.01 0.10
JOURROBQ   52.96    5.81    7.81 17.0 0.0220 9.01 0.10
KAINROBQ   50.63    3.37   21.43 17.0 0.0220 9.01 0.10
KARLROBQ   49.01    8.41  134.71 17.0 0.0220 9.01 0.10
KELOROBQ   55.59   -2.44   41.24 17.0 0.0220 9.01 0.10
KERKROBQ   50.85    6.01  189.34 17.0 0.0220 9.01 0.10
KEYWROBQ   52.88   -1.08   74.11 17.0 0.0220 9.01 0.10
KILNROBQ   56.45   -4.32  177.40 17.0 0.0220 9.01 0.10
KINLROBQ   58.46   -5.05    9.77 17.0 0.0220 9.01 0.10
KINTROBQ   57.24   -2.33   92.35 17.0 0.0220 9.01 0.10
KIRKROBQ   54.84   -4.05 -1000.00 17.0 0.0220 9.01 0.10
KIRWROBQ   58.95   -2.90   27.41 17.0 0.0220 9.01 0.10
KOS1ROBQ   52.17    5.82   61.43 17.0 0.0220 9.01 0.10
LCARROBQ   57.42   -5.46   16.08 17.0 0.0220 9.01 0.10
LEEDROBQ   53.80   -1.66  165.31 17.0 0.0220 9.01 0.10
LEEKROBQ   53.13   -1.98  301.33 17.0 0.0220 9.01 0.10
LEEUROBQ   50.75    4.25   44.90 17.0 0.0220 9.01 0.10
LELYROBQ   52.50    5.42    8.82 17.0 0.0220 9.01 0.10
LERIROBQ   60.14   -1.18   82.36 17.0 0.0220 9.01 0.10
LIARROBQ   49.97   -5.19 -1000.00 17.0 0.0220 9.01 0.10
LICCROBQ   51.50   -0.17 -1000.00 17.0 0.0220 9.01 0.10
LICFROBQ   52.71   -1.81   78.90 17.0 0.0220 9.01 0.10
LINOROBQ   53.25   -0.52   56.02 17.0 0.0220 9.01 0.10
LITHROBQ   51.81    5.45   18.71 17.0 0.0220 9.01 0.10
LOCGROBQ   56.01   -5.45   16.16 17.0 0.0220 9.01 0.10
LOFTROBQ   54.56   -0.86  160.97 17.0 0.0220 9.01 0.10
LWRDROBQ   53.20    5.79   31.22 17.0 0.0220 9.01 0.10
M0SEROBQ   41.89   12.49   72.40 17.0 0.0220 9.01 0.10
MAASROBQ   51.10    5.75   42.54 17.0 0.0220 9.01 0.10
MABOROBQ   50.07    5.74  446.03 17.0 0.0220 9.01 0.10
MACYROBQ   52.59   -3.85 -1000.00 17.0 0.0220 9.01 0.10
MAFAROBQ   50.24    5.30  240.34 17.0 0.0220 9.01 0.10
MAISROBQ   51.30    0.48    9.02 17.0 0.0220 9.01 0.10
MANRROBQ   53.51   -2.24   78.54 17.0 0.0220 9.01 0.10
MARIROBQ   50.09    4.51  164.08 17.0 0.0220 9.01 0.10
MARSROBQ   43.28    5.35   12.27 17.0 0.0220 9.01 0.10
MARTROBQ   51.39    1.38   13.42 17.0 0.0220 9.01 0.10
MECHROBQ   51.00    4.47   22.88 17.0 0.0220 9.01 0.10
MEDIROBQ   44.52   11.65   10.16 17.0 0.0220 9.01 0.10
MEIXROBQ   49.62    5.44  322.09 17.0 0.0220 9.01 0.10
MENEROBQ   50.78    3.10   17.91 17.0 0.0220 9.01 0.10
METSROBQ   60.22   24.39   75.86 17.0 0.0220 9.01 0.10
MOHAROBQ   50.54    5.19  134.38 17.0 0.0220 9.01 0.10
MOL1ROBQ   51.18    5.12   38.53 17.0 0.0220 9.01 0.10
MSTRROBQ   50.84    5.70   69.14 17.0 0.0220 9.01 0.10
NAMRROBQ   50.47    4.86  113.05 17.0 0.0220 9.01 0.10
NCASROBQ   54.98   -1.62   75.78 17.0 0.0220 9.01 0.10
NEWRROBQ   52.27    0.41   29.54 17.0 0.0220 9.01 0.10
NICOROBQ   35.14   33.40  162.00 17.0 0.0220 9.01 0.10
NIKLROBQ   51.14    4.15   33.77 17.0 0.0220 9.01 0.10
NIVLROBQ   50.59    4.30  140.46 17.0 0.0220 9.01 0.10
OBANROBQ   56.45   -5.44   18.84 17.0 0.0220 9.01 0.10
OBE4ROBQ   48.08   11.28  604.35 17.0 0.0220 9.01 0.10
OLDEROBQ   52.31    6.89   38.97 17.0 0.0220 9.01 0.10
OLLNROBQ   50.68    4.63  143.38 17.0 0.0220 9.01 0.10
ONHAROBQ   50.24    4.84  246.59 17.0 0.0220 9.01 0.10
ONSAROBQ   57.40   11.93    9.99 17.0 0.0220 9.01 0.10
OSTIROBQ   50.68    3.80   45.16 17.0 0.0220 9.01 0.10
OUDEROBQ   50.85    3.62   17.75 17.0 0.0220 9.01 0.10
OXFRROBQ   51.82   -1.29   71.69 17.0 0.0220 9.01 0.10
PADTROBQ   50.54   -4.94   11.81 17.0 0.0220 9.01 0.10
PBILROBQ   50.52   -2.46   58.25 17.0 0.0220 9.01 0.10
PETEROBQ   52.58   -0.26   25.68 17.0 0.0220 9.01 0.10
PMTHROBQ   50.42   -4.13  122.90 17.0 0.0220 9.01 0.10
POOLROBQ   50.77   -1.91   20.91 17.0 0.0220 9.01 0.10
POTSROBQ   52.38   13.07  104.10 17.0 0.0220 9.01 0.10
PRAEROBQ   50.20   -3.72   60.40 17.0 0.0220 9.01 0.10
PRISROBQ   51.72   -0.83 -1000.00 17.0 0.0220 9.01 0.10
RANTROBQ   54.81    8.29    6.59 17.0 0.0220 9.01 0.10
RDAMROBQ   51.95    4.56   39.14 17.0 0.0220 9.01 0.10
RIL2ROBQ   51.45    4.23   24.37 17.0 0.0220 9.01 0.10
ROE2ROBQ   51.17    6.00 -1000.00 17.0 0.0220 9.01 0.10
RUISROBQ   51.09    3.34 -1000.00 17.0 0.0220 9.01 0.10
SABSROBQ   55.90   -2.13 -1000.00 17.0 0.0220 9.01 0.10
SANOROBQ   50.65   -1.21   44.62 17.0 0.0220 9.01 0.10
SASGROBQ   51.23    3.81   24.64 17.0 0.0220 9.01 0.10
SBG2ROBQ   47.80   13.11 1277.63 17.0 0.0220 9.01 0.10
SCAUROBQ   54.25   -0.38 -1000.00 17.0 0.0220 9.01 0.10
SCHIROBQ   53.48    6.16   10.30 17.0 0.0220 9.01 0.10
SCILROBQ   49.91   -6.30   31.16 17.0 0.0220 9.01 0.10
SCOAROBQ   43.40   -1.68    9.95 17.0 0.0220 9.01 0.10
SDYKROBQ   51.75    3.83   14.68 17.0 0.0220 9.01 0.10
SHAPROBQ   54.50   -2.69 -1000.00 17.0 0.0220 9.01 0.10
SHODROBQ   52.24   -2.89 -1000.00 17.0 0.0220 9.01 0.10
SHOEROBQ   51.55    0.83    3.75 17.0 0.0220 9.01 0.10
SHREROBQ   52.72   -2.72   58.23 17.0 0.0220 9.01 0.10
SKEEROBQ   53.14    0.35   12.68 17.0 0.0220 9.01 0.10
SNEOROBQ   52.19   -0.11   74.04 17.0 0.0220 9.01 0.10
SOTNROBQ   50.94   -1.47   26.81 17.0 0.0220 9.01 0.10
STBEROBQ   54.49   -3.61   12.19 17.0 0.0220 9.01 0.10
STEEROBQ   51.90   -0.18  112.07 17.0 0.0220 9.01 0.10
STONROBQ   52.88   -2.19 -1000.00 17.0 0.0220 9.01 0.10
STORROBQ   58.20   -6.38    7.08 17.0 0.0220 9.01 0.10
STRAROBQ   51.54    0.01   34.54 17.0 0.0220 9.01 0.10
STRNROBQ   54.87   -4.71  108.83 17.0 0.0220 9.01 0.10
STRUROBQ   51.74   -2.30   26.40 17.0 0.0220 9.01 0.10
SWANROBQ   53.74   -0.51  102.08 17.0 0.0220 9.01 0.10
SWASROBQ   51.56   -3.98   36.96 17.0 0.0220 9.01 0.10
TAPLROBQ   52.88    7.10   20.50 17.0 0.0220 9.01 0.10
TAUOROBQ   51.02   -3.08 -1000.00 17.0 0.0220 9.01 0.10
TEDDROBQ   51.42   -0.34   23.76 17.0 0.0220 9.01 0.10
TELLROBQ   50.05    5.21  404.59 17.0 0.0220 9.01 0.10
TERSROBQ   53.36    5.22   14.37 17.0 0.0220 9.01 0.10
TGRNROBQ   50.77    5.48  101.21 17.0 0.0220 9.01 0.10
TILMROBQ   50.58    5.57  255.75 17.0 0.0220 9.01 0.10
TIREROBQ   56.50   -6.88   13.36 17.0 0.0220 9.01 0.10
TIT2ROBQ   51.03    6.43  110.31 17.0 0.0220 9.01 0.10
TLSEROBQ   43.56    1.48  158.79 17.0 0.0220 9.01 0.10
TRF2ROBQ   47.93   15.86 1045.66 17.0 0.0220 9.01 0.10
TURNROBQ   51.31    4.95   36.62 17.0 0.0220 9.01 0.10
TXE2ROBQ   53.04    4.85    8.97 17.0 0.0220 9.01 0.10
ULLOROBQ   57.91   -5.17   24.27 17.0 0.0220 9.01 0.10
UTR2ROBQ   52.06    5.09   18.72 17.0 0.0220 9.01 0.10
VEURROBQ   51.07    2.67   15.09 17.0 0.0220 9.01 0.10
VFCHROBQ   47.29    1.72  106.55 17.0 0.0220 9.01 0.10
VITHROBQ   50.32    6.08  559.28 17.0 0.0220 9.01 0.10
VLIEROBQ   53.30    5.09   11.59 17.0 0.0220 9.01 0.10
VLISROBQ   51.44    3.60    9.84 17.0 0.0220 9.01 0.10
VOERROBQ   50.76    5.71   72.55 17.0 0.0220 9.01 0.10
WAREROBQ   50.69    5.25  142.12 17.0 0.0220 9.01 0.10
WARMROBQ   52.70    4.74 -1000.00 17.0 0.0220 9.01 0.10
WARNROBQ   54.17   12.10   12.24 17.0 0.0220 9.01 0.10
WARRROBQ   51.20   -2.18  129.03 17.0 0.0220 9.01 0.10
WEIWROBQ   51.10    0.01   70.31 17.0 0.0220 9.01 0.10
WELLROBQ   52.31   -0.62   49.86 17.0 0.0220 9.01 0.10
WERBROBQ   50.38    5.68  442.80 17.0 0.0220 9.01 0.10
WEYBROBQ   52.94    1.13   28.97 17.0 0.0220 9.01 0.10
WIL2ROBQ   51.68    4.40    9.74 17.0 0.0220 9.01 0.10
WTZRROBQ   49.14   12.88  619.25 17.0 0.0220 9.01 0.10
YEALROBQ   54.16   -1.10 -1000.00 17.0 0.0220 9.01 0.10
YEBEROBQ   40.52   -3.09  920.26 17.0 0.0220 9.01 0.10
ZEEBROBQ   51.34    3.21   15.57 17.0 0.0220 9.01 0.10
ZELZROBQ   51.19    3.81   18.91 17.0 0.0220 9.01 0.10
ZIM2ROBQ   46.88    7.46  906.79 17.0 0.0220 9.01 0.10
ZWEVROBQ   50.82    3.35   31.39 17.0 0.0220 9.01 0.10
ZWO2ROBQ   52.50    6.09   22.66 17.0 0.0220 9.01 0.10
ALMZIGER   41.50   -2.54  966.03 17.0 0.0220 9.01 0.10
CRNHIGER   39.41   -9.14   69.30 17.0 0.0220 9.01 0.10
SMDVIGER   40.36   -4.38  617.74 17.0 0.0220 9.01 0.10
SPABIGER   39.55   -4.35  951.91 17.0 0.0220 9.01 0.10
TALVIGER   39.95   -4.94  404.05 17.0 0.0220 9.01 0.10
TAR0IGER   36.01   -5.60    8.15 17.0 0.0220 9.01 0.10
TN05IGER   28.26  -16.60 2459.22 17.0 0.0220 9.01 0.10
ABEPMTRS   52.14   -4.57  134.40 17.0 0.0220 9.01 0.10
AJACMTRS   41.93    8.76   49.16 17.0 0.0220 9.01 0.10
ARK2MTRS   52.80   -6.16   35.83 17.0 0.0220 9.01 0.10
ASAPMTRS   53.25   -3.48   49.71 17.0 0.0220 9.01 0.10
ATH1MTRS   53.43   -7.91   57.19 17.0 0.0220 9.01 0.10
BARRMTRS   56.95   -7.50   12.67 17.0 0.0220 9.01 0.10
BIAXMTRS   52.45   -1.75  120.56 17.0 0.0220 9.01 0.10
BNT4MTRS   51.68   -9.45   56.49 17.0 0.0220 9.01 0.10
CACEMTRS   39.48   -6.34  382.08 17.0 0.0220 9.01 0.10
CAMOMTRS   50.22   -5.33   88.09 17.0 0.0220 9.01 0.10
CAS3MTRS   53.85   -9.29   52.93 17.0 0.0220 9.01 0.10
CRK1MTRS   51.88   -8.53   31.18 17.0 0.0220 9.01 0.10
CVN1MTRS   53.99   -7.37   89.93 17.0 0.0220 9.01 0.10
DNG1MTRS   54.66   -8.09   35.39 17.0 0.0220 9.01 0.10
DUDEMTRS   56.46   -2.88    5.84 17.0 0.0220 9.01 0.10
ESKDMTRS   55.31   -3.21  243.86 17.0 0.0220 9.01 0.10
GIRAMTRS   55.24   -4.86   10.12 17.0 0.0220 9.01 0.10
GLNMMTRS   53.61   -8.57  102.88 17.0 0.0220 9.01 0.10
GLW1MTRS   53.28   -9.06   28.96 17.0 0.0220 9.01 0.10
HARDMTRS   50.95   -0.53   20.28 17.0 0.0220 9.01 0.10
HEROMTRS   50.87    0.34   27.09 17.0 0.0220 9.01 0.10
HOLYMTRS   53.32   -4.64   13.05 17.0 0.0220 9.01 0.10
HUELMTRS   37.20   -6.92   30.21 17.0 0.0220 9.01 0.10
LERIMTRS   60.14   -1.18   82.53 17.0 0.0220 9.01 0.10
LGHRMTRS   53.20   -8.57   87.08 17.0 0.0220 9.01 0.10
LMR1MTRS   52.67   -8.58   25.30 17.0 0.0220 9.01 0.10
MALAMTRS   36.73   -4.39   74.99 17.0 0.0220 9.01 0.10
MCHTMTRS   52.26   -8.27  128.51 17.0 0.0220 9.01 0.10
NAVNMTRS   53.65   -6.69   54.59 17.0 0.0220 9.01 0.10
NWMRMTRS   52.21   -8.99  173.26 17.0 0.0220 9.01 0.10
PENCMTRS   47.79   19.28  248.13 17.0 0.0220 9.01 0.10
PETEMTRS   52.58   -0.26   25.98 17.0 0.0220 9.01 0.10
PMTHMTRS   50.42   -4.13  122.91 17.0 0.0220 9.01 0.10
PRAEMTRS   50.20   -3.72   60.74 17.0 0.0220 9.01 0.10
SABSMTRS   55.90   -2.13   11.43 17.0 0.0220 9.01 0.10
SCILMTRS   49.91   -6.30   31.35 17.0 0.0220 9.01 0.10
SLG1MTRS   54.26   -8.48   56.29 17.0 0.0220 9.01 0.10
STRUMTRS   51.74   -2.30   26.67 17.0 0.0220 9.01 0.10
SWR1MTRS   53.46   -6.22   38.56 17.0 0.0220 9.01 0.10
TLL1MTRS   53.29   -6.36  107.74 17.0 0.0220 9.01 0.10
TORIMTRS   45.06    7.66  262.80 17.0 0.0220 9.01 0.10
TPMRMTRS   52.79   -7.84  134.14 17.0 0.0220 9.01 0.10
VARSMTRS   70.34   31.03  162.27 17.0 0.0220 9.01 0.10
VIS0MTRS   57.65   18.37   55.01 17.0 0.0220 9.01 0.10
WTZRMTRS   49.14   12.88  619.24 17.0 0.0220 9.01 0.10
BARRROBQ   56.95   -7.50   12.26 17.0 0.0220 9.01 0.10
LAMAROBQ   53.89   20.67  157.69 17.0 0.0220 9.01 0.10
WSRTROBQ   52.91    6.60   40.93 17.0 0.0220 9.01 0.10
BRSTMTRS   48.38   -4.50   16.39 17.0 0.0220 9.01 0.10
BSCNMTRS   47.25    5.99  310.61 17.0 0.0220 9.01 0.10
CFRMMTRS   49.68   18.35  330.85 17.0 0.0220 9.01 0.10
CKS1MTRS   53.94   -8.09   58.57 17.0 0.0220 9.01 0.10
CREWMTRS   53.10   -2.40   68.31 17.0 0.0220 9.01 0.10
CRLWMTRS   52.83   -6.93   62.85 17.0 0.0220 9.01 0.10
DAREMTRS   53.34   -2.64   36.53 17.0 0.0220 9.01 0.10
GAYDMTRS   52.20   -1.48  127.78 17.0 0.0220 9.01 0.10
GRASMTRS   43.75    6.92 1269.42 17.0 0.0220 9.01 0.10
MALLMTRS   39.55    2.62   12.40 17.0 0.0220 9.01 0.10
MLG1MTRS   53.52   -7.33  100.63 17.0 0.0220 9.01 0.10
PRT2MTRS   53.04   -7.31  101.36 17.0 0.0220 9.01 0.10
RAEGMTRS   36.98  -25.13  250.93 17.0 0.0220 9.01 0.10
SOFIMTRS   42.56   23.39 1075.43 17.0 0.0220 9.01 0.10
SUN6MTRS   62.23   17.66    8.04 17.0 0.0220 9.01 0.10
UCAGMTRS   39.23    9.11   88.10 17.0 0.0220 9.01 0.10
VLISMTRS   51.44    3.60    9.96 17.0 0.0220 9.01 0.10
YEBEMTRS   40.52   -3.09  920.83 17.0 0.0220 9.01 0.10
ZARAMTRS   41.63   -0.88  249.31 17.0 0.0220 9.01 0.10
DAREROBQ   53.34   -2.64   36.28 17.0 0.0220 9.01 0.10
LRESIGER   27.64  -17.98   14.00 17.0 0.0220 9.01 0.10
ALBAMTRS   38.98   -1.86  702.12 17.0 0.0220 9.01 0.10
FLRSMTRS   39.45  -31.13   23.90 17.0 0.0220 9.01 0.10
FOYLMTRS   54.98   -7.34   11.44 17.0 0.0220 9.01 0.10
GAIAMTRS   41.11   -8.59  232.02 17.0 0.0220 9.01 0.10
HELGMTRS   54.17    7.89    9.29 17.0 0.0220 9.01 0.10
IZANMTRS   28.31  -16.50 2367.15 17.0 0.0220 9.01 0.10
KRAWMTRS   50.07   19.92  227.04 17.0 0.0220 9.01 0.10
ASAPROBQ   53.25   -3.48   49.12 17.0 0.0220 9.01 0.10
REDUROBQ   50.00    5.14  323.00 17.0 0.0220 9.01 0.10
WSRAROBQ   52.91    6.60   40.93 17.0 0.0220 9.01 0.10
BPTKMTRS   55.18   -6.16  157.13 17.0 0.0220 9.01 0.10
GOETMTRS   51.50    9.95  168.87 17.0 0.0220 9.01 0.10
M0SEMTRS   41.89   12.49   72.13 17.0 0.0220 9.01 0.10
MARSMTRS   43.28    5.35   12.50 17.0 0.0220 9.01 0.10
OBE4MTRS   48.08   11.28  604.90 17.0 0.0220 9.01 0.10
PADOMTRS   45.41   11.90   20.08 17.0 0.0220 9.01 0.10
QUB1MTRS   54.59   -5.94   30.57 17.0 0.0220 9.01 0.10
RANTMTRS   54.81    8.29    6.92 17.0 0.0220 9.01 0.10
SALAMTRS   40.95   -5.50  799.46 17.0 0.0220 9.01 0.10
SHAPMTRS   54.50   -2.69  253.97 17.0 0.0220 9.01 0.10
SUR4MTRS   59.46   24.38   65.78 17.0 0.0220 9.01 0.10
TUBOMTRS   49.20   16.59  279.85 17.0 0.0220 9.01 0.10
VALEMTRS   39.48   -0.34   29.93 17.0 0.0220 9.01 0.10
VIGOMTRS   42.18   -8.81   31.93 17.0 0.0220 9.01 0.10
THUSMTRS   58.58   -3.73   41.22 17.0 0.0220 9.01 0.10
TN01IGER   28.48  -16.24    5.77 17.0 0.0220 9.01 0.10
SONSMTRS   39.67   -3.96  758.51 17.0 0.0220 9.01 0.10
TERSMTRS   53.36    5.22   14.71 17.0 0.0220 9.01 0.10
LP02IGER   28.67  -17.94  586.92 17.0 0.0220 9.01 0.10
TIREMTRS   56.50   -6.88   13.79 17.0 0.0220 9.01 0.10
WROCMTRS   51.11   17.06  140.54 17.0 0.0220 9.01 0.10
TLSGROBQ   43.55    1.49  159.77 17.0 0.0220 9.01 0.10
THUSROBQ   58.58   -3.73   41.04 17.0 0.0220 9.01 0.10
KILNMTRS   56.45   -4.32  177.94 17.0 0.0220 9.01 0.10
MLHDMTRS   55.37   -7.34   21.49 17.0 0.0220 9.01 0.10
CASCIGER   38.69   -9.42   23.82 17.0 0.0220 9.01 0.10
CREUIGER   42.32    3.31   83.90 17.0 0.0220 9.01 0.10
ESCOIGER   42.69    0.97 2455.33 17.0 0.0220 9.01 0.10
GAIAIGER   41.11   -8.59  232.02 17.0 0.0220 9.01 0.10
IGMIIGER   43.80   11.21   49.25 17.0 0.0220 9.01 0.10
HHO2ROBQ   51.98    4.12 -1000.00 17.0 0.0220 9.01 0.10
LP06IGER   28.56  -17.81  826.30 17.0 0.0220 9.01 0.10
ICOLIGER   39.90    0.68   44.98 17.0 0.0220 9.01 0.10
LAGOIGER   37.10   -8.67    9.89 17.0 0.0220 9.01 0.10
LDB2IGER   52.21   14.12  119.79 17.0 0.0220 9.01 0.10
LLIVIGER   42.48    1.97 1415.37 17.0 0.0220 9.01 0.10
MAN2IGER   48.02    0.15  120.72 17.0 0.0220 9.01 0.10
MOPSIGER   44.63   10.95   52.51 17.0 0.0220 9.01 0.10
SCOAIGER   43.40   -1.68    9.85 17.0 0.0220 9.01 0.10
TLMFIGER   43.57    1.38  171.96 17.0 0.0220 9.01 0.10
VALAIGER   41.70   -4.71  712.24 17.0 0.0220 9.01 0.10
VILLROBQ   40.44   -3.95  595.44 17.0 0.0220 9.01 0.10
