ACNSIGER 41.70 -6.35  814.60 15.0  0.0022  11.00 0.10 
ACORMTRS 43.36 -8.40   14.80 15.0  0.0205  12.77 0.10 
ALACMTRS 38.34 -0.48   13.00 15.0  0.0211  10.07 0.10 
ALBAMTRS 38.98 -1.86  702.10 15.0  0.0256   8.03 0.10 
ALBOIGER 35.94 -3.04   14.60 15.0  0.0251  18.54 0.10 
ALC1IGER 41.06 -0.15  347.30 15.0  0.0041  11.50 0.10 
ALM1IGER 36.83 -2.48    4.30 15.0  0.0007  13.92 0.10 
ALMEMTRS 36.85 -2.46   80.20 15.0  0.0235  12.84 0.10 
ALMOIGER 38.70 -4.18  689.70 15.0  0.0244   9.70 0.10 
ALMZIGER 41.50 -2.54  966.00 15.0  0.0012   9.24 0.10 
ALORIGER 39.93  4.14  141.40 15.0  0.0038  10.84 0.10 
AND2IGER 38.04 -4.03  233.20 15.0  0.0264  11.65 0.10 
ARDUIGER 41.66 -3.74  790.70 15.0  0.0293   9.33 0.10 
AXPVIGER 43.49  5.33  179.60 15.0  0.0029   9.18 0.10 
BCL1IGER 41.34  2.17    6.80 15.0  0.0245  11.21 0.10 
BCLNMTRS 41.41  2.00   35.30 15.0  0.0271  10.78 0.10 
BEJRIGER 40.40 -5.75 1039.20 15.0  0.0242  10.56 0.10 
BELLIGER 41.60  1.40  803.70 15.0  0.0274  10.02 0.10 
BLGUIGER 42.96 -0.80 1597.60 15.0  0.0036   8.15 0.10 
BORRMTRS 39.91 -0.08   21.90 15.0  0.0218  12.17 0.10 
BUITIGER 41.00 -3.64  978.80 15.0  0.0271   8.99 0.10 
CACEIGER 39.48 -6.34  382.10 15.0  0.0245  10.70 0.10 
CANTIGER 43.47 -3.80   52.30 15.0  0.0294  10.81 0.10 
CARGIGER 37.60 -0.97    7.90 15.0  0.0226  11.04 0.10 
CARVIGER 38.05 -1.97  850.70 15.0  0.0013  10.01 0.10 
CASCIGER 38.69 -9.42   23.80 15.0  0.0264  11.72 0.10 
CBONIGER 39.61  3.39    8.60 15.0  0.0254  10.36 0.10 
CEU1MTRS 35.89 -5.31   10.60 15.0  0.0234  13.77 0.10 
COBAIGER 37.91 -4.72  151.40 15.0  0.0245  12.59 0.10 
CREUIGER 42.32  3.31   83.90 15.0  0.0257   0.73 0.10 
CRNHIGER 39.41 -9.14   69.30 15.0 -0.0012  12.44 0.10 
CUENIGER 40.07 -2.14  945.30 15.0  0.0232   9.50 0.10 
EBREMTRS 40.82  0.49   57.70 15.0  0.0247  12.78 0.10 
EDVDIGER 40.91 -8.48  243.30 15.0  0.0054  14.14 0.10 
EIVIIGER 38.95  1.41   82.80 15.0  0.0012  10.86 0.10 
ESCOMTRS 42.69  0.97 2455.30 15.0  0.0278   3.88 0.10 
FORMIGER 38.70  1.43   50.20 15.0  0.0026  10.46 0.10 
FRAGIGER 41.51  0.32  132.30 15.0  0.0252   9.83 0.10 
FRRLIGER 43.46 -8.34   56.80 15.0  0.0040  11.83 0.10 
FUDEIGER 43.15 -4.81 1848.70 15.0  0.0272  10.50 0.10 
GAIAMTRS 41.11 -8.59  232.00 15.0  0.0267  16.01 0.10 
GIROIGER 42.04  2.85   62.40 15.0  0.0018  11.25 0.10 
GUDIIGER 42.06 -7.12 1017.60 15.0  0.0013  11.18 0.10 
HUE1IGER 37.13 -6.83    5.50 15.0  0.0238  14.51 0.10 
HUELMTRS 37.20 -6.92   30.20 15.0  0.0258  15.83 0.10 
IBIZIGER 38.91  1.45   10.50 15.0  0.0240  10.47 0.10 
IGNEIGER 40.45 -3.71  715.20 15.0  0.0007  10.31 0.10 
ISPSIGER 43.35 -2.55  216.50 15.0  0.0049   9.66 0.10 
JACAIGER 42.57 -0.73  687.20 15.0  0.0021   9.64 0.10 
LAGOMTRS 37.10 -8.67    9.90 15.0  0.0186  14.85 0.10 
LEONIGER 42.59 -5.65  914.30 15.0  0.0246   9.38 0.10 
LUGOIGER 42.99 -7.54  420.10 15.0  0.0223  11.25 0.10 
MAD1IGER 40.41 -3.69  672.80 15.0  0.0251  10.23 0.10 
MAL1IGER 39.56  2.64    4.10 15.0  0.0237  11.35 0.10 
MALAMTRS 36.73 -4.39   75.00 15.0  0.0248  10.69 0.10 
MALLIGER 39.55  2.62   12.40 15.0  0.0219  10.77 0.10 
MARSROBQ 43.28  5.35   12.30 15.0  0.0169  10.10 0.10 
MELIIGER 35.28 -2.95   39.60 15.0  0.0181  20.16 0.10 
MENCIGER 40.00  3.83   18.00 15.0  0.0244  11.07 0.10 
MLLLIGER 35.29 -2.93    4.90 15.0  0.0205  17.76 0.10 
MOFRIGER 37.12 -5.46  229.30 15.0  0.0015  12.93 0.10 
MOLIIGER 40.84 -1.88 1066.50 15.0  0.0243   9.40 0.10 
MOTAIGER 39.50 -2.87  727.30 15.0  0.0238   8.81 0.10 
ONORIGER 40.61 -6.82  793.40 15.0  0.0286  12.11 0.10 
ORUSIGER 40.29 -3.22  811.00 15.0 -0.0020   9.53 0.10 
PENIIGER 40.40  0.36   58.00 15.0  0.0238  11.06 0.10 
PNAVIGER 40.78 -3.99 2182.10 15.0  0.0270   9.33 0.10 
RIO1MTRS 42.46 -2.43  398.70 15.0  0.0259  10.31 0.10 
ROAGIGER 36.46 -6.21   38.60 15.0  0.0019  15.03 0.10 
RODIIGER 42.30 -7.59  976.80 15.0  0.0256  11.34 0.10 
SALAIGER 40.95 -5.50  799.50 15.0  0.0232  11.02 0.10 
SCOAMTRS 43.40 -1.68   10.10 15.0  0.0244  11.08 0.10 
SEV1IGER 37.41 -6.00   19.40 15.0  0.0256  12.99 0.10 
SINEIGER 39.65  3.02  138.60 15.0  0.0030  10.60 0.10 
SMDVIGER 40.36 -4.38  617.70 15.0  0.0004  10.23 0.10 
SNTGIGER 42.88 -8.55  256.90 15.0  0.0216  11.83 0.10 
SONSIGER 39.67 -3.96  758.50 15.0  0.0252  10.01 0.10 
SPABIGER 39.55 -4.35  951.90 15.0 -0.0009  10.71 0.10 
TALRIGER 39.03 -5.24  444.60 15.0  0.0263  10.41 0.10 
TALVIGER 39.95 -4.94  404.10 15.0  0.0241  10.10 0.10 
TAR0IGER 36.01 -5.60    8.10 15.0  0.0060   9.00 0.10 
TAR2IGER 36.03 -5.61   58.40 15.0 -0.0053  13.77 0.10 
TARRIGER 41.66  1.17  441.80 15.0  0.0246   9.43 0.10 
TERUIGER 40.35 -1.12  903.60 15.0  0.0260   8.95 0.10 
TLSEMTRS 43.56  1.48  158.80 15.0  0.0221  10.36 0.10 
TLSGMTRS 43.55  1.49  159.70 15.0  0.0232  14.03 0.10 
TRAUIGER 39.82  2.89  556.80 15.0  0.0031  10.87 0.10 
TRRGIGER 41.08  1.21    5.50 15.0  0.0247  11.92 0.10 
TUD1IGER 42.05 -1.60  290.30 15.0  0.0046   9.95 0.10 
UTI1IGER 39.56 -1.22  746.70 15.0  0.0025   9.94 0.10 
VALEMTRS 39.48 -0.34   29.90 15.0  0.0224   9.38 0.10 
VDGOIGER 42.52 -4.01  852.40 15.0  0.0284   9.17 0.10 
VEG1IGER 43.47 -7.05   23.40 15.0  0.0057  12.20 0.10 
VICAIGER 38.12 -3.08  800.90 15.0  0.0243  10.67 0.10 
VIGOMTRS 42.18 -8.81   31.90 15.0  0.0214  10.77 0.10 
VILHIGER 38.75 -2.84  968.80 15.0 -0.0006   9.70 0.10 
XIX1IGER 43.56 -5.70    6.00 15.0  0.0068  11.19 0.10 
XIXOIGER 43.57 -5.70  103.20 15.0  0.0259  11.09 0.10 
YEB1IGER 40.52 -3.09  923.40 15.0 -0.0010   9.22 0.10 
YEBEMTRS 40.52 -3.09  920.40 15.0  0.0253  12.40 0.10 
ZARAIGER 41.63 -0.88  249.30 15.0  0.0266  11.16 0.10 
ZFRAIGER 38.43 -6.41  532.00 15.0  0.0016  11.02 0.10 
